3.988000
3.972216
3.751750
3.524796
3.913335
4.365331
2.679094
3.618023
3.970351
3.403439
3.444162
3.821746
3.638459
4.946201
2.959329
2.649336
2.752067
2.945764
3.764954
3.636612
4.293755
3.342626
2.846395
2.594927
2.527622
4.095440
4.034113
3.001397
3.270322
4.012328
4.243131
4.380015
3.761396
3.549736
3.147988
3.943599
3.629400
2.653426
3.347936
3.633869
3.583094
2.789106
3.201747
3.893411
4.096565
3.144255
3.977462
3.977650
4.300451
3.457936
3.699460
4.427750
3.615869
4.203854
4.026566
4.231143
3.823536
4.030438
4.011591
3.458234
3.928537
3.809677
4.170850
3.365152
3.776560
3.341575
3.315584
3.845622
3.380595
3.638682
2.616394
4.069165
3.620138
3.213221
3.280930
2.501229
3.291532
3.904744
3.996407
3.783608
2.858424
4.200715
4.408141
4.188241
4.705173
3.218796
2.785628
3.312196
2.204704
4.334330
2.951326
4.593874
4.304221
4.268671
4.298701
4.056578
3.245288
4.051265
3.225956
3.676303
3.924697
3.767026
3.800577
3.175774
2.876600
3.084762
2.954783
4.485253
4.048443
3.368884
4.077233
4.023296
3.145268
4.094332
3.748295
2.929702
4.240455
4.674311
1.869764
4.050463
4.002981
3.691224
2.747874
3.987951
2.935983
4.019030
3.016333
3.387463
4.152645
3.121276
3.325589
3.732258
3.039648
3.651363
4.386565
3.162084
3.609890
4.004936
3.813234
3.191513
4.087260
3.278592
3.814091
4.525404
3.903965
3.806765
4.059324
2.663110
2.728244
3.161271
3.886659
3.040041
2.551913
3.881086
4.396019
2.312917
3.990389
4.131869
1.580373
3.322951
3.159742
3.698163
3.719228
2.390649
3.397891
3.645069
3.393979
3.413281
2.438818
4.132265
3.849613
4.072672
3.820429
4.123430
2.228799
3.233699
2.859714
3.147187
3.943046
2.561628
3.454634
2.934534
3.163779
3.800824
4.523986
3.078560
2.533109
3.152081
4.073981
3.073317
4.212464
2.702418
4.687809
4.296357
4.552225
4.041883
3.633008
4.138973
2.868713
3.898279
4.163181
4.174338
4.656156
3.351152
4.068182
3.168381
3.345821
4.774400
3.559865
3.632300
3.560381
4.004841
2.198533
3.578270
3.818346
3.981245
3.450619
3.824970
3.751135
3.957481
3.826595
3.917006
3.956825
4.181100
2.668266
4.065672
2.977341
2.961743
4.297889
3.522030
3.910427
4.287473
4.378870
3.278628
3.334066
3.815777
3.908532
3.296610
4.232793
2.874276
2.986219
3.552657
3.707882
2.629164
4.166287
3.592979
2.800830
3.877629
3.693620
2.054333
4.090165
3.895584
4.373506
3.730941
4.189386
3.561204
2.359331
3.179273
2.247918
3.399958
4.013107
4.823336
3.443297
4.469087
3.419994
4.166010
3.851923
3.639192
3.467116
1.840412
3.613665
3.594303
3.886160
2.556050
4.120736
3.190042
4.468438
4.056355
3.118957
2.961623
3.546473
4.134226
3.989743
4.281424
2.221444
3.638500
3.483617
3.994337
3.900401
3.224832
3.084198
2.907520
3.522857
3.998467
3.328912
4.021003
4.184416
3.657095
4.663722
4.265520
2.556928
3.878098
3.535396
3.414214
2.935428
3.124267
4.098194
3.582688
3.094470
2.892501
2.885990
3.653102
2.589673
3.371931
3.945776
2.939913
3.664227
3.842933
4.455788
4.017300
4.054684
3.587535
4.194320
4.160274
3.570791
4.573790
2.482966
4.570893
2.897905
3.471115
3.588614
4.210293
3.570291
3.606008
2.191532
3.927522
4.417525
3.839024
1.911594
3.757491
3.368375
2.808458
3.524590
3.398121
3.059465
2.482878
3.038286
3.471880
2.763825
3.026574
3.312858
3.785256
3.504673
4.385080
2.800377
3.353754
2.224710
3.595812
3.569072
4.480256
3.061411
3.632948
3.436705
4.040714
3.590596
4.519358
3.210022
4.537962
3.673378
3.867274
2.937789
3.428378
4.416793
3.292789
3.063952
4.341695
3.582890
3.461662
3.094999
2.576709
4.185068
3.410873
3.544057
3.811778
3.883786
4.459994
4.290767
3.314336
2.635842
2.705847
2.731064
2.969101
3.915741
3.641573
3.442051
3.635879
3.597119
3.480360
2.498467
4.211824
2.447796
3.746621
3.558519
3.431397
4.498155
4.487686
4.003414
2.555858
3.350879
3.111628
3.300353
4.098592
3.645217
3.494736
3.517712
4.199954
4.468786
4.317495
3.734119
3.974063
3.761570
3.673490
3.013318
3.845014
2.961169
3.064515
3.918194
3.238752
3.220825
4.279611
3.579218
2.875537
3.452264
3.283626
3.752344
4.707742
3.889646
3.563261
2.894442
3.917672
3.051567
3.392217
3.644771
3.156353
3.247521
4.300488
2.922143
3.978572
3.018598
3.534273
3.896230
4.851677
3.796492
3.487746
2.551518
3.711018
4.174521
3.020910
2.772540
3.497783
3.726494
2.791271
2.838790
3.707561
4.325371
4.035809
2.146496
3.418601
4.108369
2.829675
3.272956
3.769073
2.785363
3.742565
3.714235
3.674083
3.803286
4.035789
3.175340
2.039135
3.750233
2.642833
3.804880
3.475845
3.552877
4.064881
3.822726
3.304457
4.050130
4.108652
3.557383
2.955352
3.687182
4.171961
3.949712
4.297922
3.348908
3.620503
4.018191
3.307973
3.951172
3.475069
4.802850
4.005386
3.060912
3.258850
3.927081
3.653206
4.436893
3.088817
3.509333
3.074298
1.630878
3.812867
2.654123
3.967774
3.921589
3.688518
4.638788
3.076775
4.053048
3.325946
3.758252
3.020577
3.514597
3.511985
4.028222
3.529998
3.318963
3.824171
3.033742
4.123932
3.673548
4.536018
4.294361
4.091864
4.543189
3.962579
3.688604
3.171588
3.955931
3.605395
4.104188
2.738204
2.668781
3.555502
3.497822
3.636089
4.100203
2.452459
3.470491
2.841135
4.073730
2.743599
2.819802
4.183646
4.175926
3.653985
3.926435
3.238928
4.045016
4.089007
4.174660
3.857267
3.776507
3.498144
4.355160
3.646239
4.297036
3.580461
3.683678
4.053425
4.249403
3.054300
4.282251
4.625447
3.552086
3.621783
3.663394
4.485777
3.475128
3.084650
3.784824
3.649622
2.024756
3.921302
2.353611
4.280743
4.283285
3.882736
3.598333
3.659217
4.061818
3.352984
3.940664
3.918939
3.676998
3.661392
3.678386
2.264073
2.789438
4.418206
2.680097
4.146563
2.938938
3.871292
4.431280
2.837627
4.411412
3.640997
4.000206
3.823324
3.710221
3.303502
3.870022
3.163897
3.642996
3.096054
3.154803
4.862413
3.150011
3.348769
2.322237
4.639299
3.627845
2.444646
3.263316
3.493673
3.422379
4.375166
4.069946
4.064342
4.101575
2.148840
3.805259
2.879827
3.758913
3.464944
4.536143
3.752168
2.618215
3.467034
2.659445
2.042683
3.703688
3.166582
3.216420
3.524384
4.122693
4.136627
2.008019
3.159443
3.886060
3.386279
3.579613
3.827894
3.656869
2.174806
3.842487
2.943460
4.215132
3.813271
2.973836
3.295458
4.035897
4.403000
4.031232
4.101683
2.859574
3.689506
4.339585
4.279068
2.664569
3.404528
3.137777
2.691968
4.201055
3.394689
2.479264
3.121978
2.810656
4.236965
3.487196
3.498551
3.337130
2.751248
3.047265
4.018450
3.731780
3.158598
3.707611
4.141436
3.788428
3.704309
3.781132
4.439964
3.793865
4.395289
3.007172
3.494456
3.134997
4.136259
4.405744
3.177173
3.513096
4.212612
3.242074
1.966090
4.231742
2.692006
3.197136
3.722307
4.027088
3.895350
4.272309
4.208128
3.965315
3.948233
4.172574
2.383546
4.164519
3.117766
3.999070
3.898666
3.717612
2.863225
3.710931
3.142807
3.422127
2.766837
3.175825
3.751650
2.701143
3.430426
3.623202
3.406181
3.289127
3.530651
4.286427
3.327162
4.905992
3.728346
3.499049
2.768604
3.601200
3.733814
2.936740
3.907789
3.272664
3.382337
3.985901
3.259662
3.958399
3.088465
2.875206
3.666926
2.360681
3.181724
4.049489
3.812955
3.543543
3.318888
3.731474
3.827788
3.537734
3.466804
4.336063
3.825648
3.959366
3.893215
3.871577
1.245812
3.517450
4.222597
4.146355
3.442480
3.476582
2.648751
3.776268
3.972042
3.523099
4.320476
3.119077
2.946383
1.006827
2.607823
3.074392
3.953673
3.154955
3.429635
1.914539
3.741050
3.937003
3.059217
2.660484
3.761443
3.866556
3.122243
3.557258
3.973380
3.668662
4.047732
2.289375
3.887968
3.393297
4.011424
3.386479
4.149489
3.493553
3.997721
3.019678
3.351854
4.083851
4.372190
2.353364
3.384844
4.701804
3.776024
3.940300
3.548293
3.317910
3.488846
3.990653
3.867730
2.899731
2.354559
3.266819
3.516822
3.236597
3.928599
4.020182
3.638701
3.234147
3.413024
3.708255
4.631091
3.490970
3.139512
4.069711
3.762077
3.333714
2.978186
3.850798
3.300872
3.410017
3.305397
3.938493
3.690369
4.193829
3.315806
3.780364
4.348411
3.056131
4.001088
4.814176
2.498035
3.761811
2.429725
2.402423
3.458006
3.003715
4.220658
3.885924
3.355150
3.800573
4.030305
3.737662
3.963676
3.471571
3.592935
3.697486
4.154470
2.776341
3.308103
2.783412
3.333302
4.247283
3.804680
3.473825
3.318419
3.587913
4.449598
2.315546
3.768293
4.624002
3.446146
2.498167
3.279099
4.100216
2.946869
3.801790
2.569907
3.228817
3.673134
2.677330
4.016104
2.614751
3.933578
3.704626
3.552620
4.142008
3.465113
3.176360
4.581656
3.623781
2.965762
3.999677
4.304141
2.953889
3.520921
3.496474
3.363367
3.437553
3.760305
3.503208
4.000532
3.555971
2.645263
1.809249
2.890507
3.999031
3.065577
3.172548
3.156955
2.982182
2.674117
3.826863
3.939414
3.973696
2.691080
2.785623
3.885344
3.132939
2.636847
4.327498
3.497299
4.099409
3.585858
1.850845
2.827431
3.538456
4.011539
3.287358
3.487468
2.189647
1.917774
3.717552
3.341189
4.175223
2.959121
4.643852
3.957767
3.870875
2.323234
4.430353
4.220209
4.133913
2.938721
3.984373
4.545929
2.650154
4.029998
4.354884
3.469350
4.171818
3.693186
3.139951
3.520946
3.357603
4.233647
4.050421
4.357468
4.295980
4.011449
2.428060
3.950780
4.083291
2.920433
3.597055
2.682279
2.655271
3.738994
4.207319
4.142111
3.359499
3.128718
3.323251
3.449254
2.595749
4.419235
3.211791
4.713403
4.269952
4.377616
3.493619
3.181497
3.845544
3.618572
3.632545
3.345704
2.392514
3.615365
3.481549
3.511590
4.099264
4.421645
3.590022
3.953600
2.798709
4.102016
2.756366
3.289113
3.164551
3.233823
3.542487
3.514365
2.251486
3.563617
4.383130
3.300577
3.615169
3.532525
4.729314
4.245974
3.907772
2.101247
3.379395
3.536493
2.830017
4.149339
2.767749
3.629724
2.937038
2.903450
3.898940
3.590852
3.944257
3.840728
2.351283
2.629351
3.707274
2.898202
3.701754
3.310377
2.844668
3.261634
4.722268
2.857918
3.097343
3.865421
3.310835
3.272940
3.425002
4.158542
2.530066
3.926000
4.035948
4.093168
1.570929
4.700200
3.726212
3.677480
3.574738
4.003079
4.194582
3.175672
3.866428
2.848231
4.128374
4.287426
2.393850
1.816123
3.110136
2.773799
3.319513
3.629116
4.030091
3.666044
3.591433
3.406173
4.105198
4.247804
3.250150
1.642731
3.140263
3.607249
3.016919
1.394645
2.850977
3.556409
3.748254
4.016667
5.000000
3.739783
4.656720
3.332719
4.058608
3.158799
2.895070
2.862383
3.804199
3.732499
3.749202
3.545757
3.538840
2.920478
2.703767
3.227812
3.526899
4.092493
3.676332
3.334422
3.803998
2.908536
3.710846
3.513774
3.552161
3.770879
1.841653
4.057934
3.394761
2.982388
3.273142
4.050126
3.536912
3.792765
3.711540
2.591238
4.216815
4.127372
4.131934
3.763457
4.018463
2.948004
3.394385
3.388396
3.656007
2.786748
4.385364
4.033950
3.774970
3.115785
4.150613
4.199517
2.672669
3.551696
3.667200
3.425615
3.563750
4.370951
3.476081
3.999074
3.023344
3.847565
3.952297
3.686371
3.446826
3.151878
3.060473
4.347605
3.176169
2.546053
2.777961
2.721764
2.842234
2.208450
3.840606
3.905973
2.928919
4.873971
2.296756
3.753546
2.983368
4.015953
4.086513
4.327364
4.485210
3.063713
3.434454
4.442721
4.212650
3.589276
3.153129
4.224997
3.420578
4.328873
3.208211
3.641441
3.207839
2.617554
3.266223
3.791801
2.688538
3.907327
2.968895
2.492926
3.496393
4.061861
4.426885
3.026726
2.473448
3.810424
3.930772
2.490478
4.457526
4.077497
3.690026
3.561205
2.592440
2.951003
3.878821
2.373169
3.750788
2.432014
3.342722
3.472671
4.223304
3.514099
3.512599
4.637117
3.414147
3.023664
4.294559
3.873398
3.656186
3.597497
3.425657
3.713463
3.853442
4.060598
4.405052
2.738417
3.963554
2.846958
2.642117
3.509539
3.492966
3.417735
4.606773
4.580075
3.288929
2.688040
4.744875
2.392455
2.108563
3.436290
4.343516
3.832868
4.163474
3.913351
4.111916
4.339000
4.199449
3.278811
3.968771
3.219656
3.252006
2.941359
3.238449
3.595583
3.505096
3.831972
3.329188
3.164498
3.614470
2.884364
2.996507
3.863212
3.895838
4.162422
3.353946
3.821631
2.837932
2.509207
3.477232
4.076922
4.890479
4.220536
4.498337
2.950779
3.821443
2.355563
4.087666
2.757735
4.057317
3.838955
3.491578
3.716696
3.448631
2.947696
3.516811
3.608950
4.002623
2.177875
4.164291
4.114698
3.443721
3.803959
4.104810
3.764718
4.252838
3.977065
3.567796
3.669177
2.376839
4.012637
3.942299
3.387266
3.363268
3.982089
2.286706
2.809367
2.381673
3.666442
2.840984
2.889050
4.318536
3.517013
4.660913
4.243650
4.032548
3.127934
3.969515
3.124804
3.931813
4.094776
3.284214
2.558438
4.157308
3.581277
3.283076
3.739775
3.406242
2.674525
4.221002
2.924963
4.573551
3.797150
3.019853
3.551309
2.901567
3.682220
2.382589
3.664472
2.921802
3.972623
3.416092
3.248860
3.478204
4.090833
3.921474
3.736413
3.902802
3.938031
3.140142
3.842975
2.482621
3.984684
4.032576
3.697816
2.963581
3.991230
2.816264
3.216763
3.289263
4.409540
4.137111
3.551303
3.156189
3.666293
4.419724
3.501794
2.220317
3.296815
3.023785
4.214414
3.763255
2.395414
4.243092
3.620405
3.886312
2.975356
4.157217
3.642722
4.362679
4.227719
3.000484
3.602353
3.906999
2.246565
3.521500
2.999604
3.439450
3.819693
4.060943
2.540425
2.816518
3.383252
2.715834
3.091518
3.977240
3.200017
3.762559
2.950455
2.329513
2.999912
3.531572
3.327243
3.254164
3.757535
4.311914
2.186230
4.192778
3.501418
3.928313
2.750156
3.492450
3.077964
4.127720
4.005574
2.831043
3.906561
4.243934
4.329569
3.609197
4.175819
2.503829
3.663727
1.762506
3.761420
3.720308
3.848104
3.387872
2.952818
4.369968
3.869415
3.767531
3.843717
4.303244
2.974279
1.532087
4.753195
1.595968
4.073216
3.913988
3.106499
3.863038
3.878742
4.305919
3.101345
3.285990
4.544770
4.374212
3.301093
3.162394
3.047970
3.462759
2.808068
4.282949
3.830513
4.736080
2.825714
3.997119
3.047673
4.409040
3.942144
3.822897
1.493734
2.305737
3.591230
3.079083
4.112628
3.962179
3.074585
4.481481
2.550033
4.206118
2.639017
3.592791
3.799069
3.004951
4.502258
4.153712
3.631729
4.273732
3.784852
3.257601
3.838883
2.198331
3.643225
3.834370
4.099495
4.289330
3.419546
3.711147
3.187341
3.812524
3.357110
2.885073
3.331662
3.460502
3.490943
3.607669
3.129568
3.830895
3.106016
3.707527
3.012491
3.602204
4.663365
3.317928
3.119222
3.270408
4.409980
4.277413
3.706188
3.688384
3.658472
3.282677
2.819361
3.045811
2.183560
3.388686
3.961654
4.616399
3.896274
4.347757
3.353529
2.247435
4.285781
4.031852
3.442407
3.861280
4.234668
4.006358
3.861652
3.954557
3.848833
2.419297
4.351013
3.870975
4.133160
3.098530
4.114370
3.700036
1.775292
4.190651
3.491571
2.987607
3.102486
4.481246
4.151589
4.305923
4.134392
3.886872
3.763100
3.810240
3.402208
3.597817
3.202603
3.495528
3.393073
2.886629
4.088628
4.128467
4.113051
3.148857
3.715437
3.770269
3.371597
3.862463
2.414946
3.933421
3.846105
4.033280
3.098090
4.752076
3.550763
3.325733
3.156438
4.466617
3.784299
3.831642
3.784176
3.602804
3.134323
3.755028
4.725922
2.920115
2.196816
3.586204
3.695954
4.123343
3.866232
4.120506
3.177494
3.856418
1.458445
3.489992
3.610541
3.254705
3.961737
2.943858
2.578790
2.469666
4.341984
2.924401
3.048249
4.295968
4.277024
4.038973
3.552630
3.674427
2.957731
3.971449
3.475871
3.529718
4.360496
4.210066
4.124084
3.334174
3.043319
4.019310
4.196191
3.534301
3.029409
2.842625
4.129937
2.926455
4.204907
3.356011
2.413496
3.502298
2.507824
3.383137
3.818547
3.362689
4.092360
3.241245
4.074157
3.880211
3.117521
3.751492
3.155383
2.804124
3.816197
3.157690
4.243957
3.824716
2.378014
4.195921
3.695256
3.841778
3.991679
4.207902
1.825737
1.396786
3.114641
2.767994
2.994925
3.726825
3.968010
2.513268
3.043009
4.021483
2.382922
4.299711
2.689288
4.476722
3.207513
3.609686
3.760360
4.145565
3.409914
2.966961
2.945124
4.324502
3.493195
3.204396
3.195904
3.460748
2.338170
4.306186
4.004826
3.020895
4.595830
4.441855
3.275436
3.894604
3.879380
3.153730
3.375879
2.747586
3.220984
3.725744
3.817618
2.168123
3.882917
3.771555
3.956799
2.675583
3.593407
4.158751
4.356234
3.630535
4.630191
3.273316
2.248666
3.363975
3.888016
3.174424
3.919019
3.527237
4.016605
3.591133
3.217558
3.613684
3.338377
2.530429
3.083868
3.034626
2.331696
2.957283
4.131765
3.926573
3.524662
4.146737
3.964816
3.591955
3.690316
4.739352
2.963424
3.743565
4.241751
4.080523
3.401351
4.312271
3.334039
3.230788
2.500136
3.280221
3.009337
3.766736
4.272964
3.610782
3.907129
3.927247
3.398869
4.031292
3.979067
1.259803
4.145314
4.031074
3.828914
3.867416
2.991656
3.984884
4.472595
3.339859
5.000000
2.335938
4.583966
3.364969
3.138585
3.923704
3.485898
3.245346
3.925168
2.980734
2.524568
4.043770
3.726151
4.412450
3.900046
3.850233
4.088427
3.094621
3.618760
4.335552
3.055663
4.231873
4.234735
3.439166
3.676199
3.258785
3.820520
4.141849
3.963970
3.448908
3.713786
3.393261
4.187842
2.188482
3.802862
2.788769
3.743829
4.285827
2.796452
2.999954
4.242329
4.362576
3.676832
3.307632
3.374655
4.145107
3.263528
3.576265
4.409712
3.637129
2.906102
3.400473
3.536715
3.598383
3.554590
3.832145
3.046522
4.572468
4.228443
3.535935
3.742820
3.746063
3.955061
4.387314
3.101946
4.287806
3.885062
3.656131
2.801168
3.337798
3.007067
3.364334
4.300522
2.975772
3.782893
3.393384
3.801171
4.179963
3.971623
2.506629
3.245552
4.584113
3.718533
3.592792
3.089391
2.844839
3.663478
4.348250
3.646304
3.271619
2.532322
3.175212
3.185845
3.695374
3.879525
3.956540
3.933709
3.285737
3.419422
4.080159
3.479254
3.078677
4.207315
3.569393
3.750492
3.189322
2.862830
3.647514
3.409364
4.570561
3.809882
3.512926
4.087597
3.943497
2.277062
4.758892
3.979718
3.698285
3.391228
4.362877
1.685143
2.687375
3.652339
2.812877
3.618359
4.045977
4.147957
3.340401
4.248899
4.007901
4.255035
2.945072
2.273482
3.975040
3.590975
3.149190
3.622332
3.195713
3.972461
3.837376
3.597472
3.031101
3.548518
3.407227
4.234641
4.865139
3.467513
2.951411
3.781760
3.162871
3.300319
4.593025
3.852211
3.640591
4.617984
2.962763
4.415751
3.251811
2.554768
3.341268
3.897467
4.093379
3.996217
3.930803
3.366286
3.247819
4.178062
3.350592
4.537564
3.776624
2.843960
2.387815
3.800454
4.524549
2.995889
3.648690
3.642735
3.110057
4.092584
3.802152
2.488792
3.702678
4.128949
3.634772
3.403291
3.617498
3.285477
2.516323
3.488957
2.991166
3.233071
3.652515
4.092362
2.697377
3.498340
3.117681
3.424095
4.807325
2.584306
2.109200
3.605195
4.186033
3.885439
2.696824
4.250510
3.632646
3.427764
3.478768
2.822179
2.972921
2.631960
3.014134
3.307063
3.353713
3.772870
3.952139
3.275917
3.214521
4.151679
3.248730
2.429512
4.231086
3.983688
4.580787
3.786363
3.391035
3.526814
2.646371
2.955847
2.819872
2.738538
4.015532
3.560592
2.898826
3.641622
2.727063
4.292080
2.428043
3.311729
3.312185
2.940789
3.340190
3.604706
4.184275
4.214033
3.542301
4.076925
3.717985
3.045903
4.115255
3.007109
3.994588
4.328317
3.696218
3.345855
4.327637
3.637491
3.089517
3.496217
3.772483
3.584339
4.037979
4.055545
4.329516
3.376498
1.588767
3.878861
3.042487
4.572749
3.151525
4.252634
3.362365
1.467872
3.703766
2.273651
3.050977
3.203669
3.623931
3.718621
3.832954
2.887114
3.863488
2.774543
4.150322
4.761149
3.466776
2.987433
2.827254
3.616950
3.522955
3.789140
3.629649
3.759635
2.969987
3.707364
3.306723
2.714485
3.662934
3.865863
3.736546
4.476529
3.209613
2.762841
3.203929
4.143160
4.284680
3.271399
3.566542
3.390901
4.286523
3.734435
4.671509
3.649366
3.344317
3.402696
3.557910
2.772543
3.672292
2.924105
2.717803
2.672843
2.656983
3.648124
3.284593
3.685323
3.849559
3.539471
4.558044
4.270943
3.893367
3.817399
3.152338
3.456419
2.956435
4.125516
3.878088
4.747514
3.058266
3.391075
2.497727
4.152317
3.749035
2.108477
4.071786
4.116184
3.269253
3.493379
3.354189
3.288595
3.325764
3.248198
3.206796
2.971793
2.741386
3.692609
4.235229
3.670199
3.113990
2.621089
3.901777
2.766612
1.615305
3.787585
3.989208
2.261636
3.831540
3.315738
3.150939
3.034617
3.382406
3.288510
3.627145
3.758298
4.119933
3.570377
3.021423
3.313905
2.652697
2.791743
4.030183
2.961094
3.515989
3.887857
2.455619
2.767654
2.764464
4.116835
2.715360
3.505379
1.336601
4.095511
3.891950
3.329809
3.620486
3.610589
4.096394
3.961221
3.435241
4.078547
3.448631
2.873206
3.811687
3.697059
3.303448
3.948498
3.395005
2.922773
3.560315
2.825062
3.359233
3.883461
3.633366
4.128090
3.539690
2.391266
3.952932
4.182018
3.761803
4.286657
4.245475
3.278514
3.478697
4.837397
4.014044
2.963802
2.550620
4.026626
3.835113
3.700041
2.705804
3.508599
2.318149
4.545988
3.316771
2.988568
3.501871
2.910443
3.137640
3.455014
3.696643
3.496818
3.360067
3.170330
2.944522
4.000371
3.762851
3.393370
2.310085
3.205353
3.857140
2.848272
4.355430
3.844880
3.255052
5.000000
3.569619
4.123017
3.279608
2.387898
3.316020
3.611730
2.753139
3.970433
3.237362
2.842799
3.850644
3.098290
3.350876
1.000000
3.709533
2.859139
3.044021
3.033179
2.897583
1.768125
3.451488
3.541524
3.787734
4.096488
2.675768
3.501503
4.264818
3.153138
3.939903
3.369846
4.056364
3.139040
3.842037
2.228188
4.230916
4.315935
3.974816
2.455799
3.801019
3.110547
2.646635
4.224457
2.892430
4.513559
3.541822
2.741595
3.539028
3.014962
3.940435
3.470965
4.010663
3.764927
2.900847
1.720578
3.837206
3.502882
2.734232
3.635714
3.908699
4.346414
4.001607
4.387577
3.104779
3.696334
4.223315
2.481205
4.253381
2.899149
3.298082
3.088928
3.435288
2.355337
3.655331
2.507395
4.154224
3.611452
3.630765
3.714112
2.992426
2.831441
2.058148
2.873028
3.673884
3.398997
4.206675
3.521493
3.379153
4.172158
3.909434
3.490530
2.738103
3.703987
2.975551
4.010689
3.724734
3.097387
3.700114
3.468635
3.686862
3.693341
3.954863
3.515761
2.434934
3.055972
3.466863
2.335748
2.867156
4.422601
2.850906
1.554991
4.629142
2.978880
3.488710
3.120618
2.874495
1.849528
3.685355
3.574264
3.679181
3.084585
4.334692
3.022866
3.476424
3.707114
3.700300
1.568097
4.601384
2.850461
3.611156
3.234739
3.099541
2.801673
4.078290
3.580647
3.200388
4.361648
3.435309
3.780301
3.032512
3.615183
4.076748
4.178439
4.039385
3.519896
3.067751
3.305994
4.507368
3.280097
3.766387
3.146186
2.925837
3.645754
3.462211
3.250392
3.142970
3.082919
4.152391
3.720518
3.383053
4.581240
3.431767
3.093883
3.976383
2.927055
3.650591
2.909920
3.501804
3.558395
3.236574
2.005618
4.247895
2.115369
3.586860
4.658422
3.070884
2.378911
3.300053
2.680026
2.797785
4.687943
3.143990
3.951173
3.557560
3.688990
3.160913
4.037896
3.032014
3.563701
4.087319
4.089594
4.157340
2.915270
2.404484
3.655546
3.237477
3.690384
3.427426
3.269890
3.343494
3.361609
3.928058
3.950366
3.199243
3.871461
2.207745
4.111662
3.137391
3.632349
3.862335
4.413359
3.130405
3.871976
4.081711
3.917196
4.106066
3.339233
4.268467
4.229759
2.031517
3.169313
3.886836
4.169111
3.496177
2.996378
3.218541
3.785336
4.298353
4.158311
3.637035
3.215401
3.309611
4.638808
3.820622
2.096093
3.646201
3.778407
2.968131
3.199968
4.123067
3.639974
3.537103
2.506533
2.864750
3.817738
3.891139
3.429163
4.102536
2.996236
2.857887
4.003691
2.552275
3.224740
3.914483
3.885676
3.901474
3.959064
3.318171
4.038268
3.928691
3.802937
3.302879
4.149037
4.187993
3.183865
3.657695
2.602727
4.000978
4.274012
3.628193
2.734972
3.802661
3.681807
4.086373
4.325467
2.622013
4.656506
4.214411
2.833197
3.990143
3.405714
2.301988
3.462118
3.893158
4.192711
4.500751
2.005212
4.041617
4.504377
4.257041
3.134496
3.509233
1.852026
3.803612
3.328260
3.834521
2.966142
2.865444
3.976377
4.013643
3.446130
3.530829
4.853666
3.514863
3.514294
3.499442
3.780322
4.048114
3.454508
3.485133
2.344971
2.620852
3.818027
3.440536
4.027332
2.581278
4.610929
4.523704
4.191141
3.444706
2.232786
3.387572
3.770345
4.220079
3.565866
4.055360
3.057983
2.669584
2.717067
3.430855
4.302938
3.825669
4.916024
4.090932
4.019613
3.206670
3.784986
3.292900
4.291228
3.633524
3.773885
2.596826
3.651933
2.183946
3.636942
3.806220
3.821140
3.214681
2.987514
3.484488
2.997108
4.213170
3.699335
4.487053
3.121661
3.966953
3.553386
3.062073
3.711280
4.238144
4.210280
2.388820
3.685374
4.062385
4.102688
4.185649
3.230830
2.613011
2.631077
3.415346
3.262224
4.209831
3.499166
3.372620
4.400262
2.940551
3.706267
2.897594
3.289889
2.199385
4.082673
4.187794
4.037375
3.617396
3.400738
3.864714
4.413725
3.739848
4.531245
3.354817
3.227616
3.462994
2.961606
3.474112
3.902055
2.851602
3.688739
2.813140
1.633481
3.416611
2.174402
3.157992
3.533814
4.047337
3.149626
3.268648
3.036127
3.672691
3.411248
4.137859
4.360952
3.156654
3.478122
3.937987
3.696215
2.806173
3.327256
3.666147
3.880993
3.812616
3.222468
4.179437
3.456929
4.352557
3.571509
3.606519
3.654257
2.487639
3.137111
3.285513
4.311065
3.454068
2.319755
4.881210
2.963998
4.121230
3.824096
4.004554
3.977725
3.887996
3.479554
4.058352
3.635774
2.811019
2.248031
3.378990
3.863302
2.856687
3.764949
4.634242
4.502148
3.801188
3.230036
1.418605
2.377584
3.593066
3.739175
3.672895
2.670821
3.567420
3.717639
1.868779
3.482182
2.822720
4.487365
3.486309
3.254111
4.580559
3.745799
3.827449
4.392152
3.623252
3.613184
3.478426
2.806165
3.823281
3.909843
3.295634
3.872913
3.682729
2.924530
3.619745
3.313341
4.017408
2.967096
1.960615
4.294659
3.506403
2.761329
4.335496
3.454697
3.321044
2.896870
4.195308
4.273631
3.719475
3.047879
3.879768
3.590325
3.678911
2.807749
3.199587
3.502394
3.586197
3.933557
4.500830
3.290609
3.993061
2.166982
3.830876
3.631224
4.395775
4.300511
4.746423
3.624153
4.363566
4.191435
3.549477
3.891500
4.060943
3.455536
3.149033
4.135490
3.482380
2.912889
3.184991
3.737018
3.025540
3.156564
2.884960
3.682124
4.163508
2.155441
3.540681
3.634591
2.967784
2.426901
2.893476
3.535024
3.300141
3.795458
2.942488
3.397694
3.970247
3.277440
4.555189
3.324128
3.223416
3.423298
3.278605
3.742046
2.415960
4.282490
2.969732
2.585463
3.634779
3.466334
3.253943
3.154208
3.129631
4.172781
4.805693
3.476585
4.437995
3.294800
2.710373
4.284307
3.802222
3.325231
3.388806
3.639295
3.981372
3.990378
3.574504
2.868864
4.214945
2.822953
3.067241
3.956618
2.584360
3.900493
3.378344
3.897694
4.193153
4.107436
3.717303
4.133738
4.022052
4.306280
3.563978
2.631107
2.648748
4.114262
3.362652
4.863741
3.996935
4.786309
2.815372
2.843920
3.618546
2.253783
4.360583
3.699702
2.096214
2.807758
3.909160
3.189315
3.578575
3.867607
4.490300
4.496032
3.710743
3.992968
3.670555
3.515130
4.143388
3.743751
3.646304
3.109296
3.270084
2.837305
2.574534
3.868879
3.255728
2.520457
4.008957
3.064567
2.398702
3.909239
3.110612
3.809107
2.839839
2.055710
3.962978
3.605284
4.587244
4.036734
2.900155
3.279743
3.731178
2.789890
2.465111
2.444271
2.874563
2.141232
3.409624
2.956323
3.734991
1.688554
2.114653
4.387014
3.595479
3.352331
4.342670
4.077193
4.160384
3.948133
3.371665
2.966538
3.972631
3.804024
4.156335
3.713766
4.041350
3.566260
4.431501
4.392430
3.175887
3.287422
3.912845
2.397681
3.755679
4.381987
4.261742
3.580192
2.466037
4.329997
3.087089
4.134463
3.037270
3.602152
3.533055
2.260854
3.733683
2.592927
4.692098
3.635161
3.905348
3.446191
4.274159
3.388265
3.751852
2.024244
3.537365
4.308597
3.896490
3.868218
2.998172
2.747085
4.042276
3.112917
3.775239
4.408075
3.890066
4.096888
3.714624
4.085952
3.204890
4.227486
2.586322
3.923812
2.593869
3.682845
4.150223
3.382896
4.233055
3.063094
2.855350
4.341980
2.742549
3.791487
3.923732
3.816331
3.487296
3.249346
3.301625
2.914473
3.154219
4.007109
3.111927
2.897103
3.237677
3.918902
3.470363
4.144381
3.854981
3.240918
3.391115
2.681432
2.196562
2.947362
3.701162
2.262705
3.741299
3.115332
4.555608
3.666095
3.468774
2.025762
3.523336
4.028534
3.973059
2.876301
4.160184
3.291804
3.666810
2.827004
3.278951
4.058159
3.998621
3.180449
3.408786
4.525067
3.392910
4.022665
4.299366
3.619166
3.216949
3.462713
4.706886
3.053813
3.633966
3.298604
2.661628
3.234359
1.647732
4.188449
4.395708
4.141898
3.875059
3.805619
4.169573
3.564837
3.583937
3.436091
3.054519
4.337885
3.244995
4.035333
4.257277
3.972707
1.299208
2.407759
3.236826
2.922970
4.238102
4.179993
3.452837
3.682941
3.448906
2.968805
3.518392
4.523748
3.739619
4.767487
3.430278
4.698360
3.632196
3.888411
3.962311
3.382484
1.978626
3.726853
2.888861
4.067080
2.988911
2.804219
2.738259
2.801846
4.020451
4.251455
3.626300
2.695193
4.362719
1.761062
3.988201
3.485102
3.125309
4.000811
3.650048
3.124341
3.634065
3.522248
3.871010
4.030926
2.528403
3.836974
3.800033
4.570189
3.384527
4.013887
2.764274
4.289415
3.435303
4.339715
3.780296
3.726571
4.055024
4.291578
3.200530
4.060221
2.934234
4.023752
3.398590
3.576079
3.921452
4.099682
3.249185
3.533505
2.265074
4.024571
3.956039
3.779581
3.540624
3.029022
2.991283
3.238138
3.500009
4.761310
3.560924
3.845236
3.937399
3.395402
2.513753
3.024946
3.915750
3.224083
2.483808
4.132084
2.229979
4.295654
3.612966
3.572512
2.201935
4.641097
4.545055
2.005988
3.171989
3.728042
2.937200
2.656797
4.358151
2.468565
3.711357
4.318707
2.064036
2.522590
3.563443
3.826814
4.768498
3.222526
2.841394
3.682155
3.872954
3.170751
3.027256
4.286952
2.829023
3.062469
2.858418
3.371712
4.260313
4.052243
4.114929
4.285071
3.621314
3.583165
3.749361
3.949545
2.538518
3.401648
3.801584
3.740638
2.319169
3.970746
3.220706
3.651748
2.711505
3.105751
1.914593
3.867873
2.953724
3.317627
4.205693
4.206978
4.131170
2.374621
3.358177
3.567914
2.997219
2.957892
4.430469
4.361468
3.256133
3.997071
3.491528
3.883044
2.330773
3.524886
3.743868
3.901026
3.601687
4.012699
2.067737
3.381108
2.510528
4.103446
3.496225
3.920969
4.101507
3.872782
3.524066
3.115095
2.665904
3.639904
2.959471
4.191652
4.292702
2.617316
2.225334
3.720917
4.048565
3.660471
3.933989
3.504991
4.081784
3.233323
2.737133
4.410470
3.183027
3.450166
3.801939
2.371395
4.063764
3.755255
2.952519
4.169862
4.523804
4.014697
4.131244
4.447040
3.225719
3.666399
4.204438
4.290124
3.675626
4.174618
3.575140
3.300862
4.127841
2.512892
4.118862
3.954463
4.039129
4.124894
1.862311
3.868988
3.615219
3.740698
3.409842
3.305220
4.311238
2.978585
4.529025
3.794705
3.302606
3.974401
4.622176
3.527091
3.227527
4.136352
4.048095
4.526583
4.216277
3.506692
3.692059
3.893462
3.940554
2.515517
3.510942
3.749496
3.397035
3.307840
4.599866
4.360742
4.114272
3.428451
4.167493
3.095662
3.695329
3.265430
3.608087
4.214117
3.132270
4.156377
3.545278
3.476656
3.111353
3.203473
3.473915
2.584833
3.244825
3.700483
3.027081
4.711236
3.568428
3.332496
3.892399
3.093520
3.229801
2.980719
2.764284
2.670923
3.786731
4.191188
3.929544
3.760704
3.024129
3.761016
3.638303
3.850834
4.452403
4.212278
4.249597
3.345441
4.221852
3.072515
3.765227
2.331358
3.636749
3.254361
3.066905
1.645121
3.693929
4.118563
2.975664
3.537851
3.652171
2.646991
3.176650
2.623005
3.619575
2.214564
2.890229
2.766252
3.175798
3.429286
4.249091
3.875531
3.243922
3.204234
3.467548
2.925435
3.207708
4.649227
4.168993
2.959248
2.025818
4.008302
3.739480
3.452995
3.476196
3.761105
3.741011
3.737208
2.300789
3.043434
4.039321
3.909769
3.689655
3.602043
3.141583
3.286899
3.423634
4.481928
3.725342
3.429265
3.747721
3.355102
3.037070
4.118769
4.137214
4.209961
4.253397
3.421251
3.090009
3.613923
3.279048
4.574744
3.201554
3.446280
3.574805
2.998181
3.335730
4.184247
4.201580
4.029709
3.668239
3.262228
2.701115
3.711519
4.013717
3.582836
3.783397
4.713655
4.256849
3.466465
3.927452
4.676371
4.594340
2.828892
3.685240
3.704175
4.299296
3.723141
2.933384
4.253220
3.970355
3.609318
4.445959
3.521827
3.330099
4.170353
4.482616
2.511270
3.741904
3.140542
4.799325
2.996430
3.887400
2.533246
1.835821
3.255590
3.736195
3.357209
2.967832
3.266556
3.766001
3.138250
3.247979
3.814883
3.922778
3.636047
3.813849
3.752734
3.983146
3.092183
3.426832
2.458381
3.495265
2.907080
3.008256
4.184007
3.566407
3.244809
2.655709
3.344559
3.276230
1.767766
1.000000
3.585070
3.823897
3.255223
3.432465
4.423707
3.992106
2.284211
3.687598
4.353247
3.544623
4.124024
3.845713
3.364860
4.213152
4.003894
3.995383
4.209023
4.104372
2.303954
2.670138
2.564372
1.000000
3.723726
4.032304
3.752215
4.047038
3.408068
3.508931
4.239305
4.324712
4.244046
4.299403
3.220543
3.284770
3.844141
2.022753
3.786789
3.199283
3.927600
3.391817
4.425944
3.347315
4.654958
3.364097
2.741999
2.592150
2.865130
4.268125
3.586014
4.409451
2.262224
3.207934
3.603185
3.569255
2.856082
3.291154
4.210032
4.244899
3.261745
3.138547
3.189234
3.114999
4.054426
2.778788
3.697315
3.635695
3.483085
3.568266
3.739776
3.498060
3.278276
3.138154
3.764247
2.732006
3.453987
3.705256
3.784149
4.247675
3.571542
3.491398
3.674755
2.824466
3.270640
3.984622
2.263484
3.425666
3.514479
3.719898
4.462417
3.150260
3.038133
3.231886
4.140953
4.595997
4.106201
3.867774
4.386317
3.287861
4.524942
3.677467
3.286963
3.166478
3.751615
2.913995
3.947463
2.925487
3.751078
4.347527
2.400980
4.414492
4.151130
3.616053
3.877389
3.909595
3.117687
3.258991
4.302158
3.610374
3.667447
3.161891
3.675600
4.084105
3.860656
3.608886
2.525661
3.954969
4.354427
4.026146
4.182063
3.250307
2.800799
3.833515
4.199919
4.211578
3.284498
3.641410
4.304441
3.237560
4.218725
2.890143
3.923058
4.165427
3.792246
2.484564
3.354691
3.612202
3.808838
3.525002
3.700090
3.213808
3.103277
2.444253
3.823429
4.659767
3.813230
4.402739
2.823784
4.540595
2.153909
3.678871
3.175958
1.314537
3.015653
3.464932
2.657735
3.614230
4.489133
3.822515
3.359298
2.419687
1.991263
4.066485
4.025466
3.316127
3.728297
3.515937
3.883233
4.229536
2.159966
3.163187
3.884903
4.197570
3.425431
3.430452
3.598922
2.797134
1.783663
2.837182
3.414157
3.894476
4.045512
4.355593
3.220712
3.292560
4.123455
5.000000
4.082059
4.066814
3.978522
4.351328
2.221444
3.308804
4.013302
3.251203
4.676978
2.822582
4.192980
4.217857
3.996496
3.951244
3.859373
1.857201
4.273533
3.854691
3.233601
4.277980
3.433177
2.700441
3.662326
3.402743
4.061015
3.390698
2.866773
2.297425
3.782090
3.193345
2.043757
3.768294
3.168162
3.496735
3.387005
2.372459
3.670000
3.823484
2.844874
3.882006
3.953483
2.326084
2.676571
3.017803
3.795929
4.192243
4.100123
4.120967
3.258930
3.661093
4.166576
2.762841
3.709352
3.451332
2.371929
2.817893
3.947105
3.014923
4.427027
3.399176
2.685785
2.364238
4.242136
2.897687
4.062226
2.527201
3.262623
3.487534
2.287633
4.041229
3.936375
2.874178
3.665556
3.460280
4.039288
4.328921
3.030636
3.571584
3.788946
3.831324
3.967368
3.207626
3.876382
2.379336
3.402651
3.516538
3.574453
3.870096
4.408905
4.714574
3.102099
3.680469
3.356123
4.254494
2.683318
3.543463
3.590407
3.438359
3.058663
3.328386
3.746052
2.717739
2.930582
3.361609
3.041093
4.134754
3.300839
4.060063
3.568792
2.755978
3.181236
2.946428
3.286147
2.789475
2.035823
3.380490
3.494552
3.384327
3.590165
3.206900
3.827492
4.349336
3.622774
4.063930
3.930253
3.981677
2.852850
2.514488
3.420655
4.454809
3.648916
4.180134
3.649385
3.900639
4.298841
4.005771
3.966356
3.381090
3.034911
3.553829
3.005152
3.608775
3.579434
3.587054
1.517519
3.841020
3.320600
3.698950
2.966962
3.678976
3.475123
2.916479
2.956910
4.142928
3.588502
3.353535
3.499558
3.421411
4.695819
2.996629
3.157286
3.059702
3.502921
3.247661
4.025069
3.372802
3.891941
3.338087
3.797452
3.761161
2.559609
4.021961
3.800439
4.054441
2.989695
2.713356
3.531037
3.182396
3.651376
3.626677
3.662500
4.429351
4.183908
3.830078
3.673558
2.650682
4.381278
4.246527
1.916824
3.481118
3.962822
3.598746
2.899157
2.780068
4.206316
4.404647
3.350968
3.985192
3.760907
4.375852
3.516700
3.725980
3.326149
3.133344
3.759413
4.066778
3.234586
2.891581
3.978729
3.866829
2.681606
2.733654
3.643805
4.013194
4.171251
4.472217
3.387077
3.536274
3.672070
3.562780
4.529619
4.215338
4.102987
3.592078
3.194847
2.943027
4.669320
3.238055
3.409150
3.191781
3.696836
4.778129
3.190066
3.162859
4.335482
2.905455
3.026542
3.144270
3.816984
4.293603
3.318357
4.163149
2.649072
4.275429
3.827567
3.566764
3.346531
4.737311
3.273529
3.314284
3.397898
2.622039
4.091746
3.297720
4.203146
4.004879
3.743199
3.870668
3.119428
3.361862
3.586870
2.822354
3.940323
3.653181
3.122929
3.547635
3.109109
3.902267
3.695753
3.484101
3.812466
3.971490
4.044644
3.600520
4.149359
4.214185
3.182170
4.001211
2.972651
4.266582
3.332403
1.499203
4.153015
3.310869
3.975771
3.739310
3.651333
3.364246
3.790774
3.347303
2.883800
4.248646
3.461469
3.262691
4.682890
3.880357
3.258953
3.815528
2.859377
3.870338
3.749644
4.093770
4.208583
1.125854
3.848203
2.714427
3.847916
4.190822
4.560022
3.189739
3.483972
2.189360
3.313339
3.829114
3.920171
3.717772
3.366352
2.493588
3.933516
4.294416
3.273423
4.221448
3.799305
4.130481
2.491192
2.567415
4.392185
4.226540
3.273757
3.918746
3.209783
3.134818
3.057925
3.585774
4.412661
2.792909
3.077532
3.598914
3.867284
3.402220
3.515883
3.854589
4.480689
3.455181
3.596001
3.943077
3.847608
4.153677
3.909240
3.539910
4.316235
3.139460
4.224736
2.462278
3.548437
1.156110
3.610512
3.876411
4.309674
3.687286
3.156895
3.913162
3.360433
4.764844
3.602343
2.853015
4.420636
3.806174
3.541999
4.015775
3.169135
4.149210
3.837247
2.652478
4.100845
4.073482
4.020380
2.935591
3.315112
3.903314
3.507481
4.257968
3.396434
3.707478
2.051442
3.855277
2.524648
4.801018
4.129871
4.561649
2.959610
3.838826
3.497684
2.890411
3.931121
4.136936
4.348148
2.763419
3.113373
3.658486
3.653281
2.924812
3.858514
3.732819
4.218649
3.897891
3.198651
2.876422
2.725163
3.912791
3.021097
3.690232
3.801626
3.307418
3.516631
4.095921
4.213607
4.016022
4.370219
4.285197
4.361841
3.945082
3.773727
2.689659
3.788211
3.960171
4.427044
4.480669
2.931270
3.625712
3.552505
4.174002
3.818266
3.789426
3.280846
3.412167
3.804106
1.816448
3.722597
4.262539
4.491724
3.752575
3.509737
3.835524
3.163185
2.368929
4.284561
4.464681
3.852479
2.931649
4.000499
3.890835
4.168108
3.325226
3.340779
3.767593
3.112736
3.705067
2.362631
3.295099
3.152105
4.768563
3.014293
2.942442
3.161133
4.297616
4.337829
2.592007
2.985699
3.315030
3.422472
2.667107
3.702062
3.287520
3.654816
4.375157
3.892698
3.902065
4.137632
2.926956
3.447621
3.648890
4.196582
3.644859
3.180217
4.192671
2.813736
4.417757
3.152328
3.899321
3.878659
4.423241
2.729827
3.692612
4.260457
3.644978
5.000000
4.027380
3.491344
2.789348
4.236559
3.949012
3.310714
3.662054
4.172177
3.296554
4.653302
3.596201
3.236253
3.999410
3.589602
3.810211
3.776120
3.917204
4.572920
4.453438
3.408828
3.257988
3.406059
3.699692
2.693272
3.206703
4.315925
3.565358
3.858227
3.602070
3.254153
4.302258
1.303774
3.510562
3.627529
1.663243
3.449319
2.172783
3.176118
2.393236
3.359242
3.459459
4.300119
3.892471
3.714962
3.662001
2.962073
3.521412
3.812233
4.069823
4.421513
3.678285
3.903133
3.881162
4.060500
4.120667
3.255404
4.141038
2.437227
3.554101
2.972711
2.565943
2.859694
3.818884
3.683353
2.705494
2.627593
3.688766
3.788621
3.817446
2.046601
3.383719
3.866463
3.067822
3.593261
3.435427
3.376476
3.332981
4.532485
4.371519
3.075230
3.709019
3.361529
3.966733
3.392595
2.675748
4.121702
2.995602
3.734577
2.364744
2.799389
4.054348
4.603866
3.288089
3.531991
1.608798
3.429334
3.480818
2.568954
2.895157
3.533842
3.491230
2.188815
4.273776
3.329358
3.524048
3.352529
3.607971
3.424177
4.046659
3.866071
4.537334
3.460141
4.357152
3.112504
3.112412
3.972101
3.281310
3.196917
3.633189
3.840493
4.755341
4.006077
2.608003
3.459208
3.676042
3.314832
3.334827
3.301615
3.939387
4.066334
4.384058
4.104515
3.758666
3.993952
3.457632
3.490790
3.846226
4.212014
3.372754
4.163999
3.050377
3.052487
2.963205
1.981776
4.088563
3.034105
4.051197
3.707487
3.659896
4.013198
3.486373
1.556679
4.111420
3.954392
4.439250
2.365377
3.614642
3.814600
3.257285
4.028783
2.789466
4.386287
2.535151
4.495090
4.286326
3.320036
4.755682
4.093871
3.209958
4.097372
4.815912
3.730073
3.563996
4.440874
3.977545
3.495300
1.962365
3.002068
2.157481
3.523104
2.918595
4.035699
2.813953
3.603813
2.782371
3.349760
4.775583
4.373682
4.363755
4.163023
3.656379
3.104462
3.314722
3.458658
3.549130
3.710529
3.330667
3.855168
3.019378
3.783516
5.000000
4.096051
4.325939
3.927241
3.688696
4.464584
3.500961
2.956983
4.495702
4.103346
3.509846
2.947570
1.879089
4.073909
4.101883
2.624789
3.764085
3.917799
2.505021
3.436565
3.683726
4.273521
4.618521
4.044878
3.258502
2.768952
3.129723
3.105039
4.021985
2.286796
3.662121
3.817265
3.286939
4.501869
3.848203
3.575144
1.588089
2.455888
3.174577
4.147216
4.195179
3.513851
3.538163
2.325726
2.784784
2.113692
3.704552
2.014524
3.900474
3.497147
3.225429
3.954788
3.739975
3.217388
3.719567
3.698861
3.697219
3.140308
4.017026
3.713582
4.381614
4.092872
1.153913
3.470924
2.558164
3.143032
3.116855
4.401512
2.820266
3.104849
3.913995
3.594144
3.783964
3.367118
3.959061
3.676492
3.976497
2.707192
3.370751
3.441138
3.620593
2.635624
4.013931
4.739643
3.783715
4.031896
3.195581
3.540524
3.666178
4.064828
3.709754
3.125710
4.184189
4.257812
3.846113
3.347874
3.172238
3.635359
3.198482
4.475920
3.429609
2.217826
3.936701
4.326645
2.957551
4.175557
4.536863
4.313803
3.227269
4.311703
3.670822
3.355606
3.661873
2.949705
3.679984
3.658187
4.447915
3.089749
2.237872
3.194459
3.054382
3.180498
2.372921
3.655655
4.703925
4.374174
4.652682
4.114221
3.777800
3.988373
3.815172
2.595834
4.232060
3.158260
4.821727
4.014797
3.711958
3.236535
3.850178
2.734471
3.879000
2.415504
3.782991
2.994480
3.764983
4.580766
3.459023
3.077817
3.140800
2.449757
3.162551
3.857710
3.717157
4.012511
3.220647
3.563546
3.393348
4.489977
2.959307
2.418655
4.074346
3.476009
3.387560
4.458504
3.387364
3.049984
3.077206
3.685260
3.257533
3.037259
4.474854
2.820513
3.878455
3.631263
2.818049
4.257352
3.359180
3.033230
2.117511
2.322620
3.715654
3.563792
3.430041
4.092297
3.578709
3.443161
3.358948
4.067490
3.637863
3.648937
3.954585
3.986825
2.529363
4.129022
3.164167
4.025410
1.845789
2.827756
3.057239
2.027090
3.314251
3.568564
2.707050
4.224934
3.428302
3.328134
4.459684
4.047029
2.702480
3.428335
3.898844
3.196642
4.193482
4.205286
3.805604
3.659424
3.574430
3.772310
3.885757
3.473850
3.680899
3.775377
3.199204
3.049101
2.982711
3.785815
3.604722
3.805777
4.070016
3.682446
4.154779
3.669573
3.305140
3.823253
3.491263
2.878490
3.860259
3.232311
3.762993
3.564505
3.641407
3.555057
3.858042
2.767666
3.924835
2.512815
2.489837
3.482466
3.027788
2.992149
3.417984
3.046613
3.737129
3.119281
3.334804
3.363457
4.007879
4.235957
2.718837
4.395834
3.839928
3.411565
4.006338
4.363692
3.847883
2.960747
3.172194
3.219332
2.370243
3.048150
3.817186
3.813816
3.823100
4.143822
3.390317
2.964854
3.912803
3.530828
3.244251
3.323484
4.508196
3.558115
4.310149
2.887217
2.450969
3.066992
3.513615
3.689545
2.955088
3.157120
4.889339
2.667945
4.363241
4.200126
3.177874
3.645848
4.276451
4.351576
3.707014
4.032917
3.810895
4.287712
2.485454
3.217740
3.979225
2.784903
3.635740
3.823237
3.557047
4.331475
3.786313
4.215488
4.614285
3.926654
3.986257
3.531075
3.692464
2.791500
3.346872
4.306171
3.170607
3.556381
4.226647
3.604065
4.023091
3.818551
3.110016
3.332821
3.357168
2.854541
3.114397
4.475335
3.251274
3.968793
4.444758
4.128487
3.669152
3.299987
3.985716
1.673241
2.453351
3.146702
2.757917
3.712638
3.512756
2.622781
2.507324
4.034498
3.216011
3.993684
2.467729
3.680143
3.819347
3.704413
3.954605
2.534099
4.247631
3.023801
4.393842
3.309859
3.828634
3.747965
4.711211
3.418730
4.528169
2.843803
4.494168
2.274960
2.585823
4.334641
3.113438
4.613256
4.029405
2.571513
3.645095
3.810990
2.840179
3.230497
3.650516
3.663312
2.555737
3.589587
4.090228
4.274262
3.350377
4.556250
3.561022
3.521448
4.490903
4.222389
3.097007
3.049038
3.359775
3.284393
3.327290
3.493549
4.361219
4.870617
3.725892
3.770019
4.051110
3.200947
2.807982
4.529861
3.390433
3.638856
4.167514
3.017611
2.531648
4.443502
4.110615
3.720649
3.475825
3.368898
3.943561
1.973104
4.155359
3.391206
4.260341
3.415749
4.054754
3.841683
3.172985
2.865690
3.148775
3.901909
2.732912
4.281606
4.193101
3.269829
3.629615
3.300388
3.059134
4.103519
3.122885
2.815787
4.296080
3.914246
1.272263
4.007638
3.248618
3.214652
2.398155
2.457354
2.237038
3.552734
2.946416
3.876917
3.950836
3.960794
3.577801
3.904652
2.222298
3.991521
3.477545
3.742152
3.592406
3.995883
2.159056
3.950902
4.064752
4.309902
4.032594
3.302338
2.412185
3.428711
3.756329
4.198178
3.837352
3.429051
3.983161
4.090749
4.213947
2.673397
2.988752
2.940758
2.797856
2.808045
3.687355
3.800951
3.129580
2.898779
3.852212
4.325659
3.169700
4.194303
3.597595
3.423950
3.745424
3.259057
3.775860
3.163127
3.695391
3.616921
3.399601
3.797078
3.151439
3.060686
4.033442
2.888547
3.735541
4.002045
3.488365
3.496052
4.361222
3.747095
3.365981
4.198241
2.646832
2.848432
3.432137
3.854730
2.670278
4.266813
3.598389
3.552614
2.400341
3.097900
3.804405
3.111441
3.745276
4.218589
3.781111
3.168607
3.698343
1.808464
2.564734
2.664882
3.470521
4.576946
4.007850
3.245226
4.099836
4.105741
4.056807
2.477286
3.360790
2.847164
3.606342
3.520648
3.508338
3.543240
2.916607
2.847962
4.107036
2.671482
3.995927
3.940774
3.166899
3.945840
3.162817
4.706944
3.847704
3.716607
3.367216
3.849412
3.470550
4.399847
3.585238
4.254301
4.185205
3.781065
3.673443
3.521900
3.020073
2.876162
3.697322
3.349331
3.082178
4.344732
4.182804
3.992244
3.571066
2.683913
3.860328
3.976246
4.092758
4.557671
3.720413
3.464748
3.565786
2.519513
3.132238
2.734201
3.749242
4.032924
1.886185
3.578550
2.665375
3.363800
3.752698
4.179920
2.372972
3.655051
4.346012
4.198297
3.458245
3.818374
3.620522
3.518174
3.277326
4.286424
3.780628
2.431447
3.842379
3.511285
3.197491
3.879917
3.021021
4.127516
3.684834
3.405259
4.157711
2.869550
4.456823
3.637302
2.872436
3.762594
3.366960
2.653836
3.205216
4.103004
4.348062
3.889367
3.147615
3.190290
3.491035
4.313007
3.779573
3.043539
2.896681
3.894251
4.233098
3.759157
3.455040
3.723444
3.527820
3.030681
3.391839
3.426968
3.878928
4.368738
3.398719
2.693406
3.545524
3.421513
2.914880
2.711560
2.873543
3.543394
3.087894
3.476881
3.256616
3.523272
3.074960
3.780341
3.434942
3.387020
4.840254
3.979638
3.630469
3.683030
3.359155
4.442045
4.285112
3.777287
4.380253
4.000447
4.495886
3.107110
4.050825
4.926010
4.109484
4.287977
3.055083
3.211941
3.835195
3.111382
2.642440
3.867632
3.553065
4.051971
4.643060
3.355318
2.972235
3.773603
2.724394
3.559623
2.842224
4.190265
2.458749
4.048227
2.879612
3.326887
3.617578
4.109157
3.859500
3.242643
3.911113
4.743128
2.448578
2.648918
4.348960
2.723583
3.439777
3.066700
4.474789
3.915894
3.234994
3.681296
4.140898
3.287109
3.646676
3.636271
3.003906
2.856274
3.990631
3.344752
3.358604
4.068806
4.725110
4.565880
3.675726
3.732538
3.928097
3.863340
4.054175
4.348712
1.951354
4.156747
4.106918
3.634934
3.815125
4.159736
3.066083
3.858708
2.789920
2.445759
3.941984
2.695651
3.775644
3.651017
3.191633
3.296449
3.424779
4.390730
3.736584
2.223774
3.432609
2.799221
3.584806
3.933875
3.557756
4.083323
3.966819
4.011463
3.232192
1.684233
4.457869
1.934074
2.839446
3.489408
3.389464
3.588890
3.871609
3.591532
3.283300
4.411480
3.248177
2.624616
4.508129
3.255232
3.498346
4.094557
3.075321
3.705683
4.064682
3.824614
3.661668
4.703799
4.177879
4.018648
3.971436
4.238502
3.829618
3.192621
4.278333
3.621919
3.304071
3.125736
3.462437
3.744058
2.869964
4.112616
3.588590
4.724599
3.075505
3.400685
4.227434
3.755416
3.178647
3.933690
4.163936
3.591760
3.623949
3.729803
3.918019
3.834077
3.896031
3.951375
4.097957
4.119559
2.637261
3.671518
3.063135
3.675225
2.934535
4.445981
3.549372
3.370858
3.612679
3.704164
3.928589
3.658639
4.316145
2.349621
3.237069
4.237460
2.449456
3.409364
2.640480
2.398622
4.092195
3.660563
3.174592
4.034686
3.744754
4.207054
3.842871
3.754596
3.671637
3.079144
4.134309
2.524180
2.911090
2.982592
2.167488
3.417666
2.237986
2.932262
2.947525
3.548650
3.138775
3.925720
3.873418
1.637836
2.325803
3.421582
3.696539
2.556120
4.087171
3.427215
4.333291
4.867743
3.348674
3.343818
3.748930
3.460218
3.907295
3.054085
3.039954
3.703736
4.010130
3.877355
3.103086
2.968007
2.260747
3.432413
4.634369
4.034263
2.909625
3.608531
3.344690
2.727112
2.921320
3.525488
2.909012
3.313493
2.320173
3.418978
3.688908
3.970323
3.605411
3.406586
2.043195
3.259646
4.648432
3.707861
4.480165
4.032833
3.909694
3.291585
4.318922
3.329141
3.903823
3.271069
2.248549
3.767308
3.701983
4.388889
3.495261
3.864618
2.626508
2.825106
3.318320
3.992379
4.216481
3.502825
3.480071
2.985579
3.541558
3.715810
3.249563
3.307054
3.562901
4.227110
4.307440
3.273378
2.608772
3.092059
3.848346
4.366266
3.563973
2.500501
4.548185
1.801946
3.369711
3.141445
3.472921
1.870204
4.020144
2.123565
4.513736
3.829312
1.877603
4.118581
3.714436
3.950891
3.725558
3.907739
3.812014
3.847660
4.325491
2.580927
3.804037
3.279505
3.972302
3.475409
3.448651
2.856416
4.206849
4.249004
4.319452
3.070659
3.389255
3.611893
3.321378
4.305634
1.683428
3.679958
3.313866
4.053351
4.371743
3.220332
3.166536
3.510275
3.603176
2.434820
3.646772
3.415776
3.808153
4.445251
4.598665
3.926966
3.927274
3.747017
4.074790
3.235783
3.883657
4.072205
3.443631
4.449143
4.033918
4.152063
4.413226
4.077992
3.286760
3.047154
2.953977
3.491889
3.949352
2.329676
3.870528
2.030333
3.512971
3.845085
3.735492
3.845708
3.509373
4.633029
3.043403
3.303830
3.774560
3.763636
3.228372
3.832112
4.205515
3.833578
2.705538
3.435022
3.755914
3.872460
3.669175
3.320607
3.442431
3.986590
3.436859
3.522206
2.483463
2.798488
3.430642
3.709968
3.801454
3.673141
4.623968
3.725611
4.258747
3.547414
2.920173
2.951459
4.038667
3.967883
4.453952
3.595600
2.782015
3.295467
3.273003
3.189034
3.545867
3.620640
2.989289
3.981906
2.795334
4.183330
4.213614
3.673939
3.907564
4.154740
3.524152
4.048122
3.403813
2.741952
3.846509
3.219306
4.140483
2.575424
3.151823
3.559276
3.457174
2.966287
4.480997
3.849724
3.624490
3.396086
3.269435
3.988523
3.467276
3.067925
3.658155
3.330365
1.712767
3.720270
3.985363
3.462262
3.378637
3.974393
3.266935
4.380031
2.831647
3.552784
4.190759
4.280567
4.149231
3.344574
3.924340
3.995098
3.511936
3.409210
3.014979
3.636851
4.163114
3.986209
4.277824
2.972258
3.667931
3.306728
3.140004
3.305016
3.388359
3.622028
3.710740
3.631871
2.827500
4.147998
3.165718
3.560662
4.268839
3.698022
2.674092
2.343134
3.890059
4.142476
3.634385
3.627866
4.812041
2.051346
3.563114
3.770675
2.798336
4.101347
3.032725
3.697469
3.084845
4.191263
3.303313
3.740677
2.228221
3.969128
3.467251
3.852850
3.789519
4.126681
3.830421
3.860802
2.220589
2.678231
3.593071
3.711343
3.138173
2.513352
4.365677
2.844320
4.230391
2.536141
4.587688
3.179530
2.841137
3.713839
4.546063
3.728126
3.712680
4.108691
3.364859
4.528959
3.953889
3.678726
4.166663
4.059444
4.323909
3.696902
3.464729
3.970360
4.084674
3.265700
2.902947
1.958752
3.528841
4.087276
3.269846
2.736647
3.254504
4.130855
3.267307
2.968328
3.143157
4.724170
3.579939
3.105179
3.400523
3.038785
4.053647
4.222507
2.324256
3.350259
4.137356
2.958738
4.177926
3.369990
3.514469
2.770131
4.028639
4.052166
3.847593
4.469640
3.107426
3.333940
3.337969
3.230358
3.610055
3.342951
4.462670
2.385356
3.485768
4.560053
3.656499
3.734818
3.121601
4.381521
4.198898
3.191501
4.509045
3.857390
3.900246
3.217410
3.942579
3.604609
4.335683
3.892719
4.241831
4.437302
3.200944
3.524434
2.126301
3.946628
4.066343
4.246899
4.304986
3.706120
3.204196
3.168596
4.049806
4.901267
4.502180
4.114924
3.245794
3.514166
3.003835
4.138001
3.604814
4.282623
3.696993
3.895545
3.489987
3.970782
2.562026
4.117764
3.448189
4.700888
3.321863
2.352710
2.773724
3.198261
3.902529
4.367810
3.758682
3.711024
4.311535
3.456792
2.700267
3.970926
3.953216
3.156591
3.631689
2.550776
4.001843
3.339783
4.709151
3.451541
4.368958
3.432416
3.699078
4.568175
2.838477
3.338884
4.214155
4.263067
3.209581
4.041858
3.780473
3.470813
3.207382
2.645819
3.696107
4.090980
3.309937
4.306069
3.503255
3.395269
4.048325
3.054154
4.685780
2.240218
2.633097
3.296172
3.361437
4.144499
3.242166
3.867360
4.052521
2.609642
3.149687
3.689639
3.466354
3.949677
3.888123
4.505384
2.490429
2.808849
3.855430
3.808977
2.857958
3.171667
3.944346
3.374547
3.363852
3.173177
3.646523
3.493658
3.530968
4.128452
3.501532
3.662011
3.299417
3.802596
3.233738
4.412518
2.935362
3.446348
3.086814
3.239519
4.150027
4.267751
3.050991
3.705490
2.450128
3.158439
3.517217
3.954998
2.433905
3.949805
3.936434
4.322134
2.592947
3.018373
2.874398
4.183557
3.637665
2.961130
3.848130
2.757664
4.307282
3.209754
2.601527
3.306658
2.299693
4.009232
3.197136
3.626916
4.107896
4.543915
3.780993
4.005383
1.853243
2.722192
3.385364
4.495860
2.875078
3.483613
3.477198
3.337682
2.086737
3.792047
4.871872
3.928528
1.756650
3.945752
4.047038
2.150918
4.047336
2.924217
3.288523
3.643662
3.602433
4.045944
3.811372
3.671614
3.454103
3.781784
3.288306
4.132429
4.172797
3.048769
4.018197
2.598471
4.240863
3.395900
2.156474
3.626985
3.592401
3.453043
4.785309
3.180434
3.472759
3.400703
3.967034
3.053609
4.130663
2.502691
4.155686
4.566631
3.226526
3.775200
3.862853
4.087762
3.060855
2.878994
4.057946
3.002361
3.690647
3.849580
3.006651
3.063768
2.591872
3.982692
2.746119
4.309089
4.320227
3.479585
3.017300
3.529415
3.347818
3.312717
3.771987
2.869715
2.274343
3.669492
1.897795
2.997305
3.697809
3.291416
4.575152
4.479525
4.500437
3.458701
3.477862
4.049769
1.863347
4.165996
3.484804
2.308517
4.058012
3.826369
4.199346
4.463655
3.595571
4.194407
3.741244
2.542894
4.489723
4.191819
4.266303
3.328193
2.405536
3.185048
3.679984
4.101890
3.471059
3.087176
3.080260
3.333351
4.157259
3.822677
4.547248
4.778572
3.669641
2.884981
1.958459
3.271085
3.892558
3.940599
3.486819
4.305844
2.839785
2.665942
2.274298
4.018413
3.696496
4.156410
3.673390
2.957231
4.185635
3.081468
3.705067
4.180445
3.609586
2.620106
3.941042
3.270006
4.064000
3.941494
2.477640
3.516311
4.171091
3.617036
3.678127
3.937658
3.749808
3.699983
2.685282
2.899076
3.068431
4.042861
4.175332
3.184784
3.996179
2.999386
4.166428
3.872644
3.028969
3.505521
3.372621
3.419570
3.373193
2.135653
4.519351
3.914031
3.745260
4.023930
3.903369
3.821497
3.489208
2.856177
4.759402
4.187500
3.142978
3.772920
3.122530
3.287579
4.149157
4.406068
4.431676
4.292353
3.717232
3.424476
3.593095
4.054606
3.328738
3.967509
2.895608
3.431319
4.315750
4.246173
2.827740
3.505795
4.238323
2.308767
4.033874
3.795637
1.658057
4.148179
4.173038
3.216882
3.364610
2.583654
3.946645
4.377651
2.847622
4.043699
2.294593
2.683471
1.446758
3.637466
3.337348
3.372878
3.942593
4.375305
4.047863
3.851855
2.970568
4.087858
3.348659
3.701069
1.738906
3.169037
3.675714
2.853396
2.843758
4.048921
3.488643
3.901714
4.239768
4.066048
2.856759
3.408722
4.547279
4.060488
4.145805
3.080334
3.164949
3.277489
3.740701
2.860387
3.005410
4.105777
3.329601
2.922710
4.267053
2.305911
3.681346
4.204017
4.048612
3.043310
2.571248
4.173940
3.203995
3.767216
3.714917
3.576586
2.686856
4.068508
4.290231
3.547044
3.323535
3.789449
2.861972
3.130502
3.583551
2.365045
4.333521
2.801315
3.120030
3.374470
3.311446
3.720031
3.458100
4.261400
2.814367
2.334978
2.599329
3.548471
3.510667
4.431155
2.531355
3.432035
3.215171
3.174485
3.535231
3.413123
4.741994
4.212492
3.481532
4.011255
3.254168
2.714341
3.633303
3.250796
4.199629
4.158971
3.760460
2.770327
1.217536
3.435598
4.242856
3.732281
3.843507
2.067922
3.495346
3.024349
3.186169
3.497527
4.580544
2.440540
3.856353
4.138673
3.589292
3.167200
3.453626
2.680438
3.476571
3.808579
3.154296
2.619922
4.136534
3.663069
3.488035
4.038294
3.559463
2.761402
3.886035
4.032906
2.705400
3.786516
3.145023
3.576163
2.543591
3.252799
3.356591
3.176643
3.335685
3.094570
4.034468
2.986847
3.280019
3.941789
4.159267
3.420477
3.387628
3.907136
2.674057
3.475218
4.076351
3.191364
4.250024
3.615646
2.592823
2.902802
4.400493
3.140851
3.829244
3.500203
4.706218
3.510300
2.667066
3.381747
3.579420
4.084226
3.654195
3.648723
4.488751
3.748582
3.860960
2.144188
3.054289
3.434018
4.002310
3.847343
2.601073
3.718302
3.456263
3.164267
3.568344
3.952729
2.497889
2.555299
3.253075
2.841522
3.510469
3.228322
4.154485
3.717264
3.496296
3.682211
3.838059
3.510444
4.483743
4.208618
3.480037
3.988219
2.514102
1.673753
4.037895
3.135461
3.453377
4.339760
3.507371
3.587059
3.420083
3.375372
3.535327
4.031241
2.863168
4.136855
3.553689
3.509664
3.773838
3.685070
4.014681
3.720937
3.868243
3.982049
4.027376
2.746111
3.267435
4.204559
3.162998
3.766472
4.188345
3.002030
3.917343
2.746628
3.863730
2.896724
2.420452
3.133709
4.537105
4.600487
2.993965
3.826103
3.084913
3.321702
1.685845
3.777556
3.221795
3.772262
3.222662
2.579529
4.121433
3.723747
3.798078
3.388781
3.987409
3.325701
3.714817
3.991746
2.279631
3.137304
3.687342
4.548517
3.883499
4.718391
2.947541
2.860067
2.828237
4.257976
2.635833
3.183363
2.987461
3.477093
4.040553
3.541113
4.184770
2.960038
3.893114
3.007872
2.934054
3.427866
4.220631
3.732491
4.113617
3.253446
2.817752
3.924092
4.326702
3.656244
2.967690
2.961670
4.360136
3.535564
3.651440
4.088512
3.554711
3.119364
3.667947
4.163827
3.425954
3.465987
3.261090
3.815431
3.175361
4.432498
3.940278
4.037577
4.040477
3.574422
4.432361
3.674990
3.426657
4.138134
2.821830
4.064901
3.913276
3.641391
2.715111
3.312777
3.076493
3.869197
3.644002
3.438857
4.099361
3.767870
3.980259
4.699441
3.938217
3.188569
3.853514
3.111344
2.260759
4.020500
3.301410
3.738277
3.601612
3.058091
4.035078
2.867882
4.178091
3.530872
3.673643
3.290063
3.448575
3.608059
3.406008
3.926781
2.962664
3.772922
3.111790
3.235021
3.624643
4.196623
2.970563
2.349637
3.061623
4.086402
4.097117
3.169004
3.385906
3.175932
3.924630
4.091496
2.479662
2.921003
3.955173
4.452310
3.614098
3.575633
4.310389
3.923061
3.734535
3.905056
2.342260
1.000000
3.455816
3.911600
4.363758
3.595277
3.278995
3.081875
3.252323
3.888108
3.496235
4.278950
4.075738
3.843063
2.898762
2.759678
3.708212
4.379653
2.993187
4.181787
3.579540
3.740681
2.391919
3.402470
3.260177
3.573151
3.455358
1.064690
3.938383
2.409582
4.052654
1.395045
1.276378
4.222024
4.298898
4.012383
1.710868
3.143739
4.225133
1.303346
3.036943
3.643233
3.143621
3.936231
3.988269
3.151597
3.847769
4.307248
3.735948
3.387821
2.844748
4.706473
1.945750
3.216825
4.058431
4.289295
4.211543
4.003661
4.014723
3.931911
3.722541
3.656812
3.192881
4.692717
3.342120
4.066810
3.129303
3.690816
2.864110
3.618612
3.349194
3.210701
3.959103
3.432725
3.595007
3.536557
2.839983
4.077385
4.640239
3.537956
3.236518
4.267421
3.911238
2.015433
3.361641
4.181427
3.287953
3.499149
3.650420
3.892177
4.026699
3.245200
3.413641
3.600475
3.961121
3.451002
3.948416
3.957055
3.068062
4.288564
1.916917
3.401355
2.405491
3.255113
3.945907
4.440452
3.588810
3.188089
4.145759
3.253461
3.992080
2.966930
3.653676
4.088637
2.737264
3.537504
3.465857
3.795868
3.741538
3.913318
3.108041
3.462308
4.086538
3.916127
3.101721
3.900936
2.855634
4.400217
3.492433
2.428810
3.773327
4.052246
2.975515
3.126634
2.759907
3.228315
4.142934
2.766221
4.436329
3.890999
3.957359
3.826790
2.910978
3.360439
3.765421
3.663498
3.538627
3.269546
2.283126
3.578439
2.926970
3.912974
3.765242
3.511915
3.590538
3.528511
2.472102
3.780158
3.862471
4.087061
3.801535
3.466631
3.387124
2.016999
2.790462
3.096017
3.622955
2.772131
3.622462
2.776355
4.062595
4.254638
3.478815
3.449258
3.652440
4.075539
2.440537
3.737829
2.969388
3.997876
3.064805
3.590170
3.285566
3.864584
3.103358
3.977517
2.921557
3.503443
3.733642
3.810576
3.799710
3.732856
2.617386
2.663091
2.763215
3.050898
3.239359
1.460177
4.528673
3.740694
2.836413
3.708696
3.390004
3.649493
4.107424
2.284945
3.060263
3.747900
3.977988
3.390710
3.515853
3.925605
3.624272
3.550447
2.918002
4.484336
4.003498
4.046633
4.945066
2.181962
3.229171
4.009048
3.735721
3.609031
3.426857
3.730997
4.424142
3.096105
3.892009
2.315416
4.824060
3.086974
2.235671
3.146613
3.017002
3.675588
3.623843
3.345513
3.548560
4.158833
2.313766
3.111489
4.268090
4.046477
3.799296
4.094178
3.735638
2.883858
4.240355
3.255564
3.635834
2.443696
4.311643
2.999920
3.027057
3.244793
3.000743
3.745702
3.508337
3.734347
3.685274
3.197147
4.072983
3.581440
2.948382
4.471543
3.442242
3.646370
3.673401
2.869685
3.484165
1.953649
3.996076
4.555735
3.392520
2.723728
3.486790
2.554682
2.738189
3.155408
3.934275
3.957812
4.194701
2.428510
3.987825
4.328168
2.461919
3.764336
2.083122
3.964701
3.751490
1.944690
3.680151
3.045780
4.193846
4.065189
3.864498
3.060023
2.348471
2.816780
2.833061
3.097507
4.072778
2.192452
4.258984
2.676773
3.080842
3.312750
4.422642
2.419920
4.046100
3.577976
2.930646
2.534275
3.695030
3.888044
3.180845
4.328031
3.654706
4.198913
3.788880
3.046925
3.516305
3.949091
3.820458
2.258970
4.038009
3.160436
3.966955
4.199898
2.997631
3.726548
4.461420
3.764880
3.651540
3.884490
3.811931
4.444506
3.328706
2.758688
4.559564
3.079065
4.194413
4.552989
3.195203
3.783242
1.777652
2.553538
3.238282
3.503473
3.393467
2.942409
3.409883
3.920414
3.757950
2.024756
3.500051
2.680390
3.447785
3.683892
4.225872
4.336514
3.366175
2.320670
4.295447
3.781065
3.136094
3.340637
3.262128
4.059779
4.217104
3.356406
3.347172
3.588701
2.963337
3.819296
3.534691
3.228965
3.101485
3.371704
4.068845
4.247451
3.252348
4.057119
3.302816
2.324211
3.762375
3.213367
3.208138
4.508729
2.433402
4.160306
4.087458
3.960701
3.238894
3.667650
3.702510
3.073372
3.382070
4.484402
3.445454
3.087365
3.083929
2.659232
3.911962
4.058969
3.870918
2.278415
3.842844
4.374697
4.005281
4.506314
4.205409
4.743510
3.594829
4.027662
3.851375
4.417283
2.427802
3.460977
4.129854
4.539114
2.971245
3.199011
2.004134
4.291357
4.069715
4.645452
2.059577
3.121521
3.563838
1.604949
4.363157
4.040751
3.857559
3.633279
2.196960
4.525791
4.048670
3.095451
3.533481
1.733689
4.039671
3.645787
2.982594
3.419226
3.605000
4.038250
4.114909
3.792937
4.659418
3.495885
1.081082
1.656361
3.709950
2.274427
4.290274
4.858738
2.745116
3.889786
3.877422
3.245430
3.592004
3.868331
4.689837
4.022486
3.485971
3.883968
3.330153
3.306889
2.825743
3.347152
4.303000
3.389622
2.918218
3.685879
3.893289
3.646598
3.046888
3.234284
3.909191
1.862439
1.712389
3.890077
2.757559
3.581233
3.575706
3.519479
2.765897
3.157480
2.748419
2.866720
4.173085
3.839437
4.057666
4.086368
3.044304
3.908123
3.597922
3.378414
4.520361
2.987434
2.552586
3.175711
2.941242
4.402302
4.037668
3.231965
3.305093
2.862089
4.012667
3.141306
4.135961
3.914730
3.427915
3.656173
2.987111
3.596407
3.910169
3.981806
3.999537
3.815558
4.061796
2.953186
3.720082
4.382713
2.424275
3.095855
4.483426
3.365909
2.819473
3.498511
3.277633
3.757343
2.833149
3.315332
3.973951
2.221444
3.408722
2.951636
3.798877
3.638744
4.994584
3.972658
4.190607
3.244545
4.077013
4.129051
3.278684
3.290986
3.905635
3.627694
3.833623
3.643199
4.159944
4.417112
3.650107
4.174463
3.153318
4.311702
3.183954
2.494428
4.043340
4.146923
2.880478
4.218831
4.267496
4.194207
3.098655
4.169928
3.815839
2.771846
4.308919
3.954601
3.801776
3.413477
3.739729
2.579683
2.240305
4.030420
3.576331
3.795527
3.397490
2.948091
3.276513
2.359578
4.512983
3.847209
4.297918
2.865208
2.975872
3.355694
3.977350
3.279381
4.706263
4.228501
3.721595
3.553800
2.933853
2.803155
2.540479
3.559630
3.658693
3.171958
3.357674
3.196339
2.683891
2.717696
2.653499
4.146197
3.437274
2.996774
3.747889
3.245532
3.952680
1.866772
4.477716
2.823994
4.070454
3.061248
3.551892
3.359953
3.934188
2.241847
3.528628
3.195396
3.801189
4.325886
3.775365
2.792667
4.169293
3.886635
3.450226
3.743495
3.226657
4.765570
2.972117
2.970735
3.493200
3.452426
4.272297
2.774158
3.672529
2.548903
2.731882
3.227726
3.818859
3.773804
3.274418
3.773413
4.167829
3.332407
3.393773
2.718924
3.071387
3.636354
4.219114
4.709048
3.309158
3.135593
3.528576
3.049322
3.267642
2.225830
3.512238
3.068841
2.791578
2.924798
3.114107
3.501301
2.752298
1.762295
3.270616
3.458959
3.685278
3.547856
2.154596
3.851842
4.753417
2.790715
4.102315
2.261791
3.393626
3.635331
4.298354
3.684321
2.753447
3.102547
3.628071
4.387489
3.883403
3.858368
3.924160
3.283185
2.713408
3.001639
4.192873
2.900369
3.413407
3.503305
4.622944
4.797417
4.692185
3.385812
3.354381
4.018222
3.065639
2.943493
3.594839
3.405127
3.854188
2.636841
3.030978
3.262762
3.890253
3.165026
3.879588
2.662937
4.492070
3.969154
3.673565
2.715550
1.697589
3.706971
3.268869
3.583083
3.943036
2.861552
3.989791
3.737044
3.157502
2.496138
4.001308
4.002257
3.120411
3.477273
4.393009
2.975501
3.426613
2.866391
2.891416
2.395553
4.057075
3.224515
3.597621
2.954398
3.577645
4.544846
4.246479
2.462063
3.464917
2.568231
3.669403
4.161146
3.265869
4.325755
2.735268
2.786567
4.475835
2.855330
3.852953
3.752895
3.931682
3.961481
3.940305
3.656423
4.224158
3.091959
3.568985
4.329419
3.692500
3.852207
4.236630
3.711761
3.744583
4.442040
3.645319
3.665855
3.757475
3.960641
4.172925
3.622830
3.711750
2.750485
3.043480
3.573923
3.369016
3.234492
3.790945
3.725239
3.648164
3.141037
2.243732
3.783751
3.509006
4.320272
2.682234
4.598315
3.594621
4.230100
3.693980
3.018824
2.590536
3.724056
3.583311
2.836825
4.018660
2.380813
4.365968
3.240030
3.336271
3.146944
3.909852
3.946157
2.587614
3.562421
3.511878
3.921441
4.073301
3.920736
3.051490
4.047814
3.683859
2.670048
3.194614
2.874026
3.214585
3.041118
3.551520
3.522839
4.760328
3.995954
3.606348
3.697461
3.626298
3.261259
3.197142
4.020093
3.358644
3.540384
3.217152
3.181399
4.538966
4.097261
2.480724
4.106297
3.890882
4.369359
3.952561
3.641433
2.704080
3.399281
4.004140
4.323930
4.020330
4.276582
3.662391
3.955537
1.565693
4.129253
4.118102
3.927798
3.124604
4.175420
3.565584
4.452975
3.163215
3.318329
3.493448
4.326110
4.543577
2.670674
4.184393
3.670195
3.903433
3.405190
4.058554
3.922029
3.465963
3.026783
4.271165
3.511251
2.568078
4.199612
4.220429
3.000928
4.157233
4.198103
3.505726
3.549011
3.652632
4.310748
4.266882
3.216275
3.885516
4.448253
3.356252
3.515464
2.464905
2.538088
3.830774
3.963174
3.437387
3.335745
3.155344
3.749137
3.418372
3.720097
3.228528
4.277105
3.452051
2.419768
3.383700
3.826843
4.221915
3.234167
4.598112
3.272283
3.739929
3.414286
3.194757
3.482037
1.838728
3.555397
1.863937
4.124611
3.610458
2.657257
3.652353
4.259784
3.617751
3.317973
4.221149
4.245427
3.212429
3.388443
3.211458
2.635433
4.211860
2.985939
4.365470
2.680196
4.541830
3.773543
2.230710
3.636663
3.533523
3.336764
3.017212
3.272065
4.585959
3.135944
3.553390
3.368038
3.409865
3.756965
4.079755
3.159283
4.516599
4.492023
3.691828
2.857845
4.254628
4.055676
3.510512
3.153140
4.080686
4.144884
3.568277
4.028369
4.111545
3.243783
3.907526
2.523157
3.298685
2.257615
4.244879
3.342870
4.604066
3.803299
3.299354
2.913260
4.149205
3.935909
4.119345
3.672347
4.264171
3.697441
3.549728
4.368869
3.667717
1.367014
3.688749
3.056503
4.282440
3.428355
3.954331
2.978613
3.377360
3.508347
4.319398
3.092545
4.156535
3.493854
2.909863
3.483394
2.538082
3.483900
3.511833
3.326454
3.998142
4.392900
2.688011
2.742537
3.380679
3.707966
3.485595
3.117988
3.561898
2.771221
2.689801
3.406780
3.020008
4.055667
2.814485
3.081857
2.650699
3.418314
3.498820
2.889185
2.425463
3.540698
3.829462
4.114853
3.071838
3.809718
1.532924
4.328181
3.302536
3.872614
3.371438
2.598071
3.451010
3.970199
3.049473
3.242158
3.390435
3.247401
4.099837
2.902058
3.573366
2.930247
3.292142
3.261096
3.296882
4.311069
3.926631
4.031196
3.158243
4.041551
3.989304
4.445066
3.997529
3.172579
3.139570
3.965111
4.769722
2.492299
4.039864
3.650416
2.651045
3.808822
4.122817
3.602011
3.682736
3.379256
3.050679
3.359518
3.343485
2.378286
3.568865
3.789587
2.810769
4.051376
3.765989
3.326731
3.837308
3.298032
3.104061
3.064385
4.405454
3.216303
3.648595
3.094133
3.240653
2.889769
3.999072
3.886091
4.693403
2.576133
3.322377
3.779552
4.391059
3.666541
3.739684
3.629483
4.006463
3.631628
3.792955
3.152093
3.751948
4.620711
3.429790
3.639515
2.713861
3.337890
4.081497
2.767847
3.819469
3.424093
3.717502
4.279021
3.085600
4.282709
4.431730
4.517870
3.359742
3.561198
3.757621
4.056351
2.987092
4.300384
3.806899
3.637480
3.329316
2.391810
3.895243
3.663602
3.814459
3.196459
3.681652
2.516370
3.808237
3.751422
3.998461
4.946535
3.867874
2.730968
2.850574
3.617162
3.785284
3.541224
3.486027
3.501779
2.931552
4.338774
2.714557
3.471144
2.808804
3.512708
4.190104
4.475594
3.899505
3.479182
4.083383
4.016955
3.995119
3.462553
3.929073
3.857103
3.011499
3.804940
3.924440
3.434097
3.018104
3.345516
4.181819
3.757902
3.768250
2.775154
3.408249
3.073545
3.865373
2.829347
2.795329
4.146658
3.739567
4.319505
3.448693
3.235708
4.580696
4.656150
3.612550
2.834247
3.516768
2.230122
4.047896
3.710290
4.007590
4.307873
4.406805
4.394436
3.025620
3.912314
3.951359
4.300079
3.740304
2.601577
3.937212
2.097907
4.003960
2.219235
2.621871
3.152544
2.931008
4.340664
4.434684
3.623345
3.141587
3.301915
4.295547
4.265867
4.131516
4.182666
2.549544
4.051045
3.341634
3.780441
3.475530
4.091989
3.542981
3.712990
2.950347
3.111763
2.330726
3.738717
4.750547
2.916127
3.783400
2.551013
4.024441
3.112879
3.755683
4.182197
4.060092
3.731118
2.835481
2.471340
3.375989
3.069504
3.129335
3.860740
3.530655
2.895177
3.564754
3.437290
2.766241
3.379263
3.052915
3.023421
4.286412
3.194194
3.015642
4.261848
3.092981
3.976994
2.829534
3.363888
3.348842
3.602098
4.438066
3.854475
2.258063
3.997889
4.043102
4.482625
4.186584
3.400330
3.733928
3.718705
2.207976
3.410980
3.938291
4.172782
3.757612
2.872018
2.105023
3.959494
3.034861
3.310970
2.940801
2.527424
3.729188
3.654114
4.536512
3.598171
4.199297
3.471151
3.140815
3.267553
2.814649
3.432345
1.555717
4.090133
2.905024
3.018245
2.824999
3.626368
4.617864
3.462424
4.037881
3.278736
3.978389
4.850451
2.710178
4.078473
3.193641
4.428906
3.455241
3.993107
3.533343
3.613911
4.106102
3.884248
3.028864
3.982658
3.613559
3.972413
4.673134
2.339690
3.022670
4.298889
3.887738
3.367256
3.646071
3.119606
1.661230
3.038195
3.086395
3.134074
3.989941
3.347962
3.997697
3.604366
3.887887
2.999927
3.988049
3.108324
2.980098
3.602806
3.922201
2.701216
3.612299
3.707603
3.434939
2.998799
4.129550
3.245205
3.657243
3.838930
3.206391
4.088720
3.690215
1.939772
3.840198
2.858534
3.449306
3.896876
3.355548
3.839213
3.553427
2.728860
3.886483
3.540896
4.462162
3.203917
4.148113
4.007190
4.077569
4.060602
3.826366
3.881847
4.243222
2.061670
4.401654
2.494802
1.723530
3.464329
2.445568
3.387636
3.311358
4.062995
4.049490
2.916155
3.563433
2.666288
3.325956
2.694197
3.644649
2.447835
4.209753
2.586412
2.879995
2.706326
3.621193
2.881305
4.162950
3.574789
4.650550
3.877370
3.461819
4.608079
3.230436
3.288396
4.605988
3.409757
2.413338
4.062928
3.633190
3.036806
3.724964
4.154541
3.251778
4.243186
2.906868
2.949508
2.887504
4.135890
3.986860
3.753768
4.589225
2.831530
3.369942
2.818682
3.353009
3.050993
4.441149
4.528410
3.455828
3.940340
3.490654
4.634522
3.470404
3.485499
3.863178
2.934165
3.498340
3.536792
4.523457
3.985872
3.153679
3.823439
3.878423
3.181531
3.998320
3.601769
3.316436
3.703131
3.318875
3.841417
3.880287
3.193568
3.183700
3.971730
3.678683
3.870528
3.099211
3.667653
4.032851
4.113633
4.002745
3.711880
3.534780
4.091412
3.613204
3.431491
3.666662
2.194151
3.673396
3.531972
4.483409
3.279066
4.063916
2.378152
3.827863
3.197080
4.429274
3.702916
3.771945
4.076616
2.466927
3.206878
2.800641
3.794656
5.000000
2.634756
2.235208
4.211216
3.675757
3.244752
3.475497
1.504640
3.291903
3.696708
3.470634
3.891041
2.277274
3.745588
4.061763
3.211777
3.624822
3.845458
4.190627
2.816124
3.199227
2.200893
3.895884
4.498446
3.102650
4.015210
2.165341
3.086279
4.553368
3.872196
3.415971
3.773971
2.812387
4.441056
3.400166
3.945674
3.108027
2.109770
4.903763
3.758241
2.241064
4.076660
3.796027
3.569627
4.314777
3.427589
4.566088
2.813752
3.649031
3.112633
4.128670
2.684257
3.954371
2.026218
3.661264
3.283766
3.304923
3.846968
4.451164
4.142100
4.337185
3.141569
4.332571
2.647931
4.379932
4.371021
3.016197
4.750801
3.912704
3.284638
3.469774
4.059899
3.162684
4.058321
2.196068
4.670239
3.953834
3.612540
4.090758
3.221434
3.420165
4.248515
2.129987
2.388628
4.275196
3.324060
2.830879
3.591745
3.386283
3.284782
3.762831
4.012284
2.652055
3.416947
3.502287
3.556626
3.595750
3.826522
4.101863
4.207913
3.662812
3.632702
4.047574
4.242223
3.640526
3.701331
2.750288
3.650302
2.969037
3.188169
4.480505
2.978260
3.946188
2.922766
2.449245
3.417235
3.626632
4.101979
4.229156
2.061756
2.797604
4.299882
4.100722
3.783944
4.117003
3.438646
4.217431
2.684480
4.561875
2.605179
3.180235
3.651273
3.935497
4.074820
3.087118
4.774873
3.580873
3.677380
4.501999
3.563054
3.081861
3.477012
3.276063
4.214695
2.990558
3.634366
3.414351
3.075092
4.196167
2.092995
3.079429
3.143975
4.352402
4.159583
4.139631
2.643193
3.184495
3.676655
3.238386
3.962292
3.589355
4.247212
3.920896
4.012569
3.731131
4.036960
4.247647
4.515311
3.243793
4.191116
3.499325
4.551039
3.555992
3.619415
4.735510
3.318858
3.280809
3.373307
4.207749
4.120736
2.564854
2.472867
3.694413
3.621411
4.502693
2.209910
3.906251
2.515213
3.634944
2.179404
4.073974
3.699878
4.006749
3.940146
4.102989
4.436005
2.978502
3.701104
2.187415
4.462589
2.432893
4.216613
4.177706
3.978098
3.870381
4.010024
4.264445
3.073486
3.641792
4.045401
4.129807
3.122571
3.558214
4.710990
3.239972
2.518070
4.057831
3.380206
3.344822
3.657577
3.814978
2.197158
2.503080
3.104907
4.141870
4.388434
4.164254
4.109317
4.259128
3.648710
3.899809
2.906991
4.309540
4.413275
3.675129
4.098610
3.766621
2.307436
4.937710
3.850283
3.203814
2.909132
2.910300
3.288324
4.148823
3.174974
4.075514
3.233191
3.437432
4.436465
3.860567
2.900677
4.045271
4.081903
3.155375
3.410874
3.013254
3.092330
3.087760
3.537003
2.427634
3.903334
2.900970
3.165402
3.375238
4.169207
1.241602
3.633105
3.569874
3.494066
2.671763
2.576758
3.513410
2.764608
4.076226
2.936817
4.748945
3.518771
3.875608
3.773328
3.325754
4.000882
3.925966
3.733218
3.187734
3.773125
3.368698
3.522620
3.956055
3.458389
3.409016
3.147792
3.552671
3.231818
2.610898
3.130873
3.130254
4.570216
3.655671
2.638431
3.337308
3.155606
3.849776
3.314804
3.863761
3.673423
3.052616
3.384578
3.514160
4.137806
3.985952
3.203732
4.073409
3.876655
1.686652
2.937856
4.251483
3.853205
3.897969
1.974113
4.603062
2.606365
3.871471
2.856527
4.097080
4.123762
1.718057
3.097990
3.772862
4.778338
2.756373
3.818293
3.589169
3.830434
3.974966
3.156908
2.908316
3.137481
3.234037
3.194086
2.802849
2.506480
3.862960
3.636429
3.722537
3.083929
3.363752
3.595455
3.553891
2.804680
4.680034
2.338801
4.088587
3.153244
1.840543
2.769846
4.057854
4.112268
3.561986
4.177888
2.442730
3.360694
2.708398
3.602924
3.823986
3.072016
3.410433
3.302616
4.225835
3.845549
3.822938
3.237946
4.332219
4.189613
4.457691
3.477581
3.913132
3.558036
3.620866
3.662724
3.394552
3.576229
2.824754
3.538663
4.126255
3.128923
3.818823
3.513867
3.802155
3.302665
3.172454
3.984061
4.138430
3.934467
3.584431
4.097884
4.379310
3.705834
3.526573
3.393189
3.320912
1.573077
4.868775
2.154650
2.602617
4.004586
3.666434
4.124839
2.077732
1.600851
3.214743
3.572214
1.976426
3.533776
3.861221
3.856268
3.537451
3.519143
2.447895
3.540644
4.463179
4.469911
4.136850
2.554003
3.449570
3.453084
3.023861
3.524058
3.656107
4.139614
4.112250
2.697590
3.696834
2.558945
4.089883
4.462978
3.476359
3.806280
4.074565
4.594641
3.711284
4.106034
2.990512
3.807425
3.403820
2.778983
3.286852
3.286732
4.817093
4.109276
3.632985
1.771301
2.777732
3.812926
3.177587
3.124353
3.662730
3.063040
3.401004
3.050153
3.347398
3.647495
4.462743
3.464013
3.352475
4.051095
3.123607
3.378780
4.285653
3.710497
3.901408
3.309714
4.108785
3.698860
3.971889
3.997286
3.372966
3.108314
4.054533
3.104534
2.221310
4.515218
4.244155
3.329626
3.350336
3.172552
4.972770
4.000176
2.114506
4.070857
3.265548
2.777122
3.929498
4.847866
3.979139
4.244837
2.727885
4.073129
2.986600
1.626889
4.019965
4.065044
3.459831
4.071094
3.434849
3.994762
3.580075
3.938075
2.711965
2.591810
3.700799
2.862652
3.573118
2.620748
3.711105
3.611188
3.568729
3.887491
4.357447
3.004750
3.527317
3.277058
4.739371
3.357492
3.385970
3.359548
2.280137
2.645079
3.335516
3.672018
4.144906
3.629150
4.192237
3.113593
2.582764
3.083612
4.165910
3.638018
2.993144
4.224968
1.542331
4.644703
3.017913
4.135376
3.815053
3.521966
3.031338
2.576693
3.555583
2.738404
4.080974
4.071592
3.033480
3.032993
4.483509
3.869144
3.397094
4.106594
4.037979
1.786888
3.848680
3.233935
3.606143
4.175327
3.720613
3.480197
4.412597
4.205574
3.229835
3.670425
2.689910
2.705678
3.929502
4.044602
3.922703
3.139505
3.527990
3.546749
4.504245
2.832668
2.806806
3.753249
3.305035
3.359473
3.608488
2.726960
2.331635
2.796802
2.681113
4.120716
3.408635
2.806206
3.773479
3.247322
4.132687
3.534425
4.503996
3.511919
4.144781
4.028018
2.597360
4.343865
2.512304
3.441752
3.577286
3.734880
2.643432
2.321433
2.169900
3.332082
3.708399
4.153173
4.278989
3.382422
3.952411
3.995612
3.044033
3.815873
2.956648
4.077986
3.941729
3.834199
3.138562
3.638236
3.821605
3.256534
4.265128
3.167766
3.840953
2.735545
3.892784
3.621832
2.681743
3.368101
4.908956
3.972588
2.163607
3.822614
3.498568
2.730991
3.374898
3.372507
3.597524
3.896643
4.004630
4.313719
4.297257
3.881873
3.748108
3.607281
3.552769
3.467811
3.157521
4.116970
2.770848
4.017703
3.786244
2.051042
3.184582
3.265845
3.377702
2.693077
3.469082
2.799175
2.965872
3.803979
3.115248
3.192109
4.114836
3.647820
3.908704
4.791458
4.217949
3.823687
2.973923
3.437397
3.907486
4.252720
4.089290
4.353478
3.023287
3.953600
4.319761
2.672524
3.935851
2.483457
3.258841
3.999349
4.843297
4.211527
3.551741
3.593136
3.224407
3.532543
3.735513
3.666596
4.513913
3.653935
3.488886
3.633802
4.320630
3.627707
3.455942
3.667934
3.363053
4.102569
4.000591
3.480225
3.501230
3.755904
3.074543
2.447906
3.705358
4.193860
3.997781
3.559258
3.878116
4.034831
3.809916
2.695358
3.714348
2.637141
3.680302
3.175412
2.888563
2.729255
3.400850
3.355422
3.752785
3.814754
3.543984
3.856404
2.705574
4.078961
3.650194
2.763273
3.868242
2.857832
2.684162
3.817103
3.767187
3.994812
3.397730
3.529983
3.983400
3.549015
4.704985
4.079363
3.971398
3.481433
3.027606
4.126280
2.827362
3.952959
3.624243
3.577688
3.194562
3.960535
4.523135
2.601754
2.780761
3.458333
3.856040
3.428423
3.667318
4.171844
4.008278
4.081602
3.627155
4.103395
3.913800
3.562853
1.874491
3.269534
3.835236
3.691517
2.214001
3.950372
3.696940
3.556031
2.807978
4.178427
3.955741
3.813202
3.863232
2.981861
2.803302
3.224312
4.380422
3.726374
4.725212
2.783382
3.891516
1.574796
3.114425
4.201374
2.499326
3.967866
3.923517
3.510912
3.568902
2.205809
2.906340
4.427344
3.962218
3.405490
4.013271
2.431262
3.822394
3.834006
3.179195
4.085079
4.152753
4.793096
2.454591
3.913314
3.128381
3.859350
3.811353
4.046701
3.462653
3.350065
3.747821
2.142402
3.194803
3.891977
3.086034
3.928229
3.396653
3.941383
2.964376
4.210108
3.156078
4.443896
2.154697
3.121436
3.736689
2.809028
4.147269
3.285725
2.954914
3.452895
3.907408
4.040073
4.070878
2.782747
2.527567
3.952736
2.273284
3.316088
3.493291
3.277036
3.392464
3.673174
2.574531
3.472646
2.979248
2.853737
2.455036
3.641842
2.044195
3.718418
3.762712
3.811460
4.347287
4.559645
3.491696
3.730805
4.116721
3.481996
3.542313
3.470327
3.660102
4.324973
2.673250
3.934166
3.468583
3.781599
4.850584
3.191597
3.213433
3.420867
4.096341
2.697015
3.158305
2.986666
2.930634
2.410524
2.282122
3.927479
3.828354
3.858655
4.073122
3.704235
4.029164
2.700773
4.029413
4.068967
2.989556
3.751715
2.715557
4.389054
3.703182
3.253032
3.597983
3.911855
4.366049
3.558180
3.473986
3.203292
4.426996
3.940104
3.616122
3.687825
3.400683
4.260441
3.525707
3.505847
3.450298
3.501769
3.789894
3.732206
3.390331
3.337371
4.537650
2.514573
2.539092
3.468920
3.928317
3.879008
3.553161
1.756743
1.676288
3.871340
2.927266
3.998332
3.247169
3.276721
2.901873
3.148702
3.158596
3.208009
4.305663
3.457968
3.377593
4.231750
3.861666
2.654639
4.420704
4.033559
3.516577
3.472655
3.804505
3.540511
3.011342
4.320014
3.374223
4.227735
3.537707
3.459132
3.559852
2.604136
4.145129
3.568956
3.839790
3.346982
3.112325
4.684066
3.814485
4.132069
3.007207
2.939582
3.822469
3.189965
4.104867
3.039383
3.492100
2.020198
3.291286
3.326969
3.343988
4.351564
2.844930
2.918208
4.490363
3.845778
3.462927
2.827103
3.384905
3.148543
4.126273
3.348664
3.505478
3.429356
3.579828
4.046661
4.607448
3.441323
3.844279
3.253496
3.818737
2.884220
3.284113
2.608669
4.253643
4.250739
2.831806
3.343257
4.003021
3.343280
2.243597
2.864139
3.541905
3.017290
3.360723
3.730873
4.266450
3.087920
3.144749
3.616465
3.882377
2.731786
4.947900
2.948577
3.269363
3.630745
2.485504
4.577601
3.524735
3.866318
4.377578
3.847436
2.370787
4.328981
2.734862
3.618155
4.195139
4.101266
2.703139
3.345449
3.574285
3.901831
4.216343
2.797612
3.679079
4.136886
3.988433
2.811961
3.050894
4.254079
3.651781
2.727936
4.671887
3.607865
3.500533
3.829893
3.293523
4.280564
2.404469
3.003356
3.950872
3.571671
3.948379
3.100556
3.185492
4.048604
3.632210
3.527525
2.044970
3.319022
4.258328
3.544901
3.189990
4.281110
4.783849
4.274759
3.265851
3.515563
3.588126
4.222726
3.755611
1.892291
3.251118
2.656547
2.575186
3.186056
3.610619
4.116171
3.316832
3.910767
3.735200
2.087786
3.787103
2.637589
3.517037
3.480570
3.527256
4.255027
3.054246
3.622710
3.811197
3.231045
3.705033
3.624615
3.685001
2.209459
4.351412
4.364966
3.674242
3.709660
3.215930
3.649813
3.830007
1.879562
3.588560
3.737041
1.515110
3.535257
3.238345
3.953686
3.886523
3.554556
3.634956
3.916831
3.227452
2.562288
4.031431
4.438512
3.768088
4.113165
2.554839
3.368749
4.073256
2.950819
4.441857
3.418541
4.249518
3.468289
3.595075
2.992016
4.219956
2.961850
3.883888
3.838602
4.611316
2.067367
4.275905
3.937148
3.828939
3.217746
4.155301
3.108245
3.521909
3.351998
3.887346
3.623246
3.803239
3.293651
2.821756
3.022899
4.116425
3.036499
3.027357
3.671191
3.982455
3.868838
3.541525
4.371254
3.635461
2.311517
4.308212
4.036950
3.563618
3.561210
3.497527
4.532720
4.735859
3.745899
4.464206
2.874626
4.318800
3.683233
1.940358
4.446432
3.342249
3.114494
2.533520
4.560523
3.935604
3.256789
4.372064
3.807296
3.739145
3.141169
3.037229
3.556716
2.818266
4.001107
4.277508
3.914219
3.406998
3.308255
3.702165
4.426846
3.849564
3.002555
3.467715
3.763763
3.166507
3.406041
3.669887
3.976902
2.657243
4.237849
3.190608
3.020082
3.486416
4.106721
3.725517
3.241769
3.268614
4.166945
2.291211
2.745912
3.332855
4.095525
3.783225
2.274444
4.106696
4.015697
4.675275
4.235975
3.784143
4.091645
4.489435
3.924524
3.800457
3.927268
3.499273
4.036996
3.098967
3.635368
4.307584
2.608025
3.880716
2.953076
3.581753
3.168804
4.081241
3.899437
4.380325
2.490034
2.368673
3.443812
3.639993
3.753690
3.812477
3.178798
3.621190
4.147400
3.872716
3.421400
4.119036
3.358058
3.410488
3.639594
3.483837
2.255814
2.749678
3.867235
3.766881
3.522078
3.881748
4.092431
4.008550
3.466445
3.515476
3.705218
3.420561
4.219308
3.870779
2.515488
3.294847
4.396519
4.044311
4.185382
3.785789
3.883199
3.616816
4.342157
2.890456
2.979791
2.906656
4.185625
3.171145
4.142379
4.200218
3.060619
3.680074
4.557471
3.312279
3.245143
3.354863
3.225382
4.714346
3.015242
4.473125
3.573271
4.030805
3.640488
4.056320
3.798338
4.003640
4.320611
2.461231
3.721809
3.382343
3.407761
3.155601
3.845673
3.942964
3.379486
3.530768
4.383113
2.085181
3.280617
3.514718
3.671352
3.616514
3.286364
4.038740
3.070140
4.007659
3.964031
3.566545
3.086342
3.758329
2.106085
2.459057
4.147921
3.965817
3.559729
4.617104
3.717784
3.565639
3.076551
3.473707
3.781377
3.140029
3.474169
3.976698
3.860969
4.287277
3.015418
4.309747
2.833181
3.111232
3.328072
4.062312
3.246299
4.068240
3.248614
3.244526
3.965926
3.248553
4.205882
3.185000
2.785308
2.831382
4.060135
3.378587
4.391472
2.317708
4.341794
4.084871
3.922189
4.263100
4.500894
4.208192
3.689906
3.763059
1.000000
2.823172
3.995600
4.470812
3.379533
3.558464
4.220905
3.866351
3.876801
4.077616
2.978884
4.039416
3.325345
3.036651
4.420418
3.251922
3.467516
2.963979
3.326806
4.092767
2.118785
2.512023
4.217361
3.910217
3.279266
3.980089
3.998956
4.085021
1.943716
3.869096
4.027681
3.033380
2.229315
4.215316
3.792033
3.608732
3.661523
4.025999
3.048584
3.727342
4.344071
4.497944
3.778701
3.326490
3.226861
2.989703
3.393818
4.228617
3.733121
2.665616
3.203730
3.058299
4.348512
3.192053
3.446871
3.915500
3.663380
2.456349
3.984481
4.411446
3.846605
2.780111
3.087138
4.161439
2.853597
1.946781
3.609145
3.341942
3.281793
4.228169
1.786555
3.232800
3.889828
3.469027
3.110149
3.296556
4.265819
2.999609
3.893415
2.857418
2.347765
4.676866
3.558243
3.799923
3.838898
2.886743
3.753348
2.533044
3.765240
3.100699
3.581545
3.315006
3.829179
3.129130
2.161864
3.741499
3.775414
3.927560
3.587576
4.077986
3.414017
3.935509
4.246636
3.341451
2.710263
4.392432
3.309244
2.742936
3.497985
4.226744
4.553054
3.882416
3.554319
3.625625
3.673672
4.841822
3.793972
4.370857
3.219577
3.249227
4.279675
3.534800
3.834924
4.229767
2.677254
3.674222
2.506085
3.567484
3.576079
4.183051
2.576316
3.981098
5.000000
3.939167
3.790284
3.301924
4.767459
3.325115
4.490352
3.888270
3.254845
4.274901
3.480800
4.691320
3.620092
3.967325
4.151594
4.199150
4.002474
4.159257
3.661275
3.534551
1.652478
3.583325
3.487402
3.405152
3.715520
3.974335
3.245199
3.426150
3.026032
4.016717
2.473076
3.741701
4.025365
3.678866
2.266855
3.347692
3.443948
3.388420
3.752289
2.665112
3.642020
3.705151
4.479921
1.417478
2.935643
3.965136
3.334111
3.834868
4.280258
3.712517
3.019797
3.717508
4.470645
3.493571
3.691713
2.963001
3.423471
2.615203
2.068176
4.423774
4.264144
3.544049
2.886291
3.080142
3.668757
3.653646
3.803825
4.110807
4.033751
3.045939
4.187800
4.062850
3.315728
3.749100
3.564591
3.223552
3.097519
2.613017
4.249062
2.995310
4.067475
4.051035
3.557093
2.992619
3.602035
3.201958
2.970834
2.182099
4.598515
3.080557
2.990136
3.704861
3.397555
4.003147
3.957990
4.041013
3.231601
4.220295
2.011772
3.428902
4.363980
3.672832
2.523172
3.380063
3.045867
3.945213
3.974766
3.400669
3.808747
3.668773
2.072594
3.374559
3.615778
3.279377
3.471670
3.834769
3.968696
3.829964
3.206251
4.359841
2.508343
3.344414
3.379831
3.635358
2.916691
4.122232
1.282101
4.149373
3.681604
4.821242
3.726051
3.066326
3.707560
3.448621
3.911584
3.089756
3.728349
3.918882
3.552400
2.815868
3.240791
2.857249
3.823595
2.987353
4.432923
3.567510
2.527973
4.080569
2.735206
3.864671
4.370017
3.238184
3.959538
2.091930
2.775530
3.499909
3.890922
4.149805
4.095661
4.304934
3.403236
3.451058
2.740068
3.770035
4.279539
1.149455
3.893359
3.931314
3.798132
3.837837
3.897086
4.438001
4.017294
3.525465
4.085358
2.849706
3.902466
3.305252
4.571075
2.942460
3.862367
4.593797
4.370020
3.431340
2.342656
3.652604
4.104526
4.447976
4.592859
4.313360
3.806916
3.323821
3.664130
4.113038
3.038063
4.472581
2.728981
3.818222
1.757511
2.934904
3.809923
2.841559
3.401910
2.616096
3.027203
1.767203
3.184435
3.803404
3.580562
4.310264
3.153097
3.521724
2.968437
4.350667
4.758032
4.362365
2.951774
3.555044
3.433815
3.829291
4.009577
4.121317
3.191425
3.370272
3.678093
3.783153
3.620158
3.848446
3.480723
3.416558
3.109320
3.176576
2.535109
3.003754
3.828713
3.864719
4.092108
4.090030
2.599837
3.860425
3.916196
3.245463
2.826861
2.066998
3.817511
3.983050
3.894252
3.505931
3.347767
3.191356
3.735468
3.247930
3.948093
3.590633
4.335887
3.655159
3.806455
3.917275
2.789759
3.421179
3.620497
3.472372
3.192858
3.371255
3.176330
3.743323
3.964721
3.656154
3.988207
4.420474
3.425083
3.518714
3.322106
3.657941
4.456948
3.596726
2.668318
3.498012
3.684011
3.177586
2.503948
3.957232
4.160193
3.910566
4.293722
3.619438
3.916693
4.729757
3.117604
3.965023
3.437777
3.387110
4.434304
3.292268
3.569253
4.634326
1.900363
4.609280
3.392893
2.861526
3.109646
3.660366
3.675157
3.431752
3.873291
3.750923
2.956084
4.337302
3.172857
2.630800
1.724272
4.013105
3.914615
3.630769
3.846252
3.117111
4.001879
3.668781
4.350408
3.580536
4.307495
3.784863
3.694811
3.769057
3.681290
4.391034
4.229174
2.221631
3.900484
4.135130
3.710558
4.587811
3.558565
3.029460
3.969714
3.155597
3.230482
4.026751
3.071515
3.530730
4.314643
3.317672
3.181036
4.264806
2.963086
3.989018
2.410055
2.826467
2.901157
2.778070
3.923101
3.645918
4.342886
3.519729
3.213328
3.507543
4.138258
2.381837
4.247312
3.638785
4.203047
3.927806
4.118356
3.326758
2.941179
2.918972
3.293811
2.355549
3.883039
1.755957
3.508408
3.146379
4.031371
3.222873
3.346040
3.321886
3.593782
3.587758
2.957122
4.011101
4.224712
3.554492
2.730522
3.898625
3.912113
1.729438
4.226232
3.922992
3.727254
3.939366
3.607848
3.591921
4.168856
3.616963
3.764197
4.161600
3.293526
3.877966
3.732615
2.486303
4.396533
3.545639
2.900486
3.985056
1.598750
3.890262
3.726651
3.700602
3.885266
3.237645
2.200041
1.412777
3.787650
4.709442
4.148373
2.569480
3.084969
3.417177
3.490329
4.076301
3.482114
3.317043
3.635991
2.776061
3.448794
3.885155
2.880982
4.262359
4.121160
3.879580
4.548038
4.210130
4.257119
3.190936
3.126954
3.775398
3.303869
4.102833
3.749401
3.977399
4.683802
3.280755
3.108460
3.276321
3.624053
4.423153
2.887616
3.484331
2.788369
3.928663
3.898925
3.827936
3.941849
2.290120
3.340746
3.556446
3.533324
3.893229
2.038172
4.312563
3.661464
3.891844
4.257886
4.215376
3.278611
3.744624
3.482378
4.039706
3.882550
2.755323
3.028305
3.574902
3.728294
2.791229
3.749412
1.940084
4.046700
2.981132
3.763235
4.290442
3.548625
2.025788
2.140931
3.738289
4.168485
2.685163
3.513365
2.636498
3.587611
4.140341
3.743607
2.454580
3.795105
3.228080
4.498887
4.264289
3.088477
3.104169
3.464680
4.084584
3.078719
4.236123
2.651502
4.251835
3.791612
3.121619
3.657002
3.969763
3.867944
4.290787
3.222626
3.484920
4.498705
3.069535
3.708410
3.675030
2.947610
3.102693
2.408370
3.183439
3.998560
3.910574
4.279633
3.929935
3.348910
4.267082
3.766657
3.125509
3.739598
3.709920
3.308107
4.161684
3.585063
4.388901
2.993046
4.455472
2.909561
4.016488
3.638980
4.547082
4.626978
3.687845
3.299390
3.789141
3.897892
4.333290
3.829313
2.695497
3.743390
2.978768
3.747519
3.719791
2.014276
3.426308
2.687736
3.279455
3.392886
3.738736
3.835820
3.549101
2.751249
3.693254
4.055750
3.548182
2.784542
3.089856
4.401726
3.109599
4.129498
3.463919
4.169418
4.082185
3.206028
3.626766
3.637752
3.392696
2.694001
3.510454
3.837230
3.792482
4.147574
3.940402
3.450439
3.654953
3.652189
3.130600
4.126911
3.696253
3.815750
4.056795
4.373851
1.372907
3.119435
4.096334
4.239429
2.036210
4.363811
3.577141
3.334317
2.421714
4.099031
3.897187
2.523335
3.521145
3.740976
4.323730
3.587498
3.036008
3.225842
3.610720
3.958523
3.628575
4.034882
3.304387
4.028489
3.691175
3.563346
3.943051
3.249832
3.773696
3.631367
3.949812
1.738592
4.333244
2.676625
3.819183
3.971393
2.904500
4.167444
4.063992
3.654590
3.061411
3.934047
4.236610
3.042585
3.423743
3.076557
2.618161
2.670602
2.599906
4.190017
3.834301
3.347684
3.529899
3.075863
3.125677
2.467444
4.120686
3.421471
3.964612
3.410365
3.376920
2.972278
3.507125
3.768723
3.873374
3.294376
3.504252
4.214484
3.874770
3.707570
3.804281
3.524556
3.436626
3.706912
4.183292
4.082452
4.353838
3.982869
3.570882
3.448267
3.829821
3.295620
2.607088
3.864128
3.073255
2.777128
4.116985
4.034012
3.226634
4.044877
4.388185
2.262339
2.394737
4.375003
3.312888
3.237412
3.604405
4.495918
2.906681
2.933310
2.563598
4.035165
2.959256
4.140635
3.352610
3.565363
3.809336
2.192517
3.379622
3.765269
3.338567
3.657761
3.329813
4.515963
3.664910
2.608928
4.446857
3.931966
3.469268
2.811637
4.282200
2.670902
4.715546
3.792516
3.541630
3.190835
4.072423
2.720848
2.456776
2.854956
3.732151
3.146694
3.561555
1.881369
3.542848
2.976335
2.013713
3.709672
4.274733
3.915101
3.510518
4.528774
4.352032
3.737952
4.201022
4.209192
3.285863
2.857568
